0.0217476810660417
0.0219081393860359
0.0220569264937117
0.0221911551738955
0.0223081440124122
0.0224039661102951
0.0224781646329528
0.0225325938850075
0.0225655079906411
0.0225719000180567
0.0225515866411750
0.0225046428714416
0.0224312433813138
0.0223338622790072
0.0222110409066363
0.0220636005874236
0.0218937338491837
0.0217005105223379
0.0214884523354049
0.0212647899706927
0.0210303773387949
0.0207861491429972
0.0205370491021375
0.0202870176575676
0.0200382146670214
0.0197976851899499
0.0195691443070840
0.0193483747151238
0.0191347998609447
0.0189306739687842
0.0187356618790166
0.0185500051839517
0.0183785963016122
0.0182272025364479
0.0180998792213684
0.0179999240385332
0.0179287759880379
0.0178859950318517
0.0178704060056213
0.0178834785820518
0.0179272950163660
0.0180021241230396
0.0181069891454407
0.0182402778914119
0.0184020412319896
0.0185951424185897
0.0188230616132095
0.0190809269892553
0.0193618753501650
0.0196678206880180
0.0199963863747284
0.0203391690606784
0.0206903662814849
0.0210425298295420
0.0213890274657111
0.0217272785433436
0.0220533863878171
0.0223634647651326
0.0226549585518965
0.0229226042494520
0.0231622821568208
0.0233707631391045
0.0235453655763367
0.0236859663415350
0.0237918851037039
0.0238596242860561
0.0238878744191708
0.0238858257427770
0.0238634997820145
0.0238221162506307
0.0237668294275084
0.0237077692905659
0.0236527956745613
0.0236094425469989
0.0235834565317317
0.0235770413925909
0.0235920321142653
0.0236303153809162
0.0236920090237496
0.0237776659620192
0.0238854948495967
0.0240117657677233
0.0241549671028774
0.0243117028955820
0.0244741830651354
0.0246341650282843
0.0247836727568260
0.0249167226039070
0.0247345583905648
0.0243834164983321
0.0239022697375692
0.0239356872872657
0.0232876482707440
0.0232880799605943
0.0232835330229633
0.0232814862880606
0.0232903790539320
0.0233221916026091
0.0233880925643860
0.0235011624211908
0.0236730711978246
0.0239163168257005
0.0242443522039309
0.0246670802851160
0.0251956938459047
0.0258386334408702
0.0266014271947995
0.0274842050214636
0.0284813027467240
0.0295903050081439
0.0308082428894644
0.0321284083726504
0.0335388144702994
0.0350213949115227
0.0365598336460388
0.0381433539092354
0.0397894793723112
0.0415462087516919
0.0436132951122517
0.0460146705883803
0.0489670396872529
0.0519235335431943
0.0566818976469495
0.0632810311935904
0.0717569013009721
0.0830252338176953
0.0996280386512076
0.125669053132987
0.158493294129220
0.207051631658280
0.253925311022800
0.308914635509928
0.384954418895189
0.469615708229579
0.531069744001974
0.641767698412118
0.0     0.741325599512665   #start
0.0     0.839251404481702
0.0     0.887259661776231
0.0     0.976965339207845
0.0     0.958316765167522
0.0     0.898413492666276
0.0     0.790716055647791
0.0     0.626773683487871
0.0     0.401409092953469
0.0     0.136039378079374
0.0     0.314384150009630
0.0     0.762807655517049
0.0     1.29791551958451
0.0     1.91189202630317
0.0     2.60211610162820
0.0     3.36613130181400
0.0     4.19964499410770
0.0     5.09744300907678
0.0     6.05316544972399
0.0     7.05732871979320
0.0     8.09828071116306
0.0     9.16361897689255
0.0     10.2403788009003
0.0     11.3152643701553
0.0     12.3744625680882
0.0     13.4039839912661
0.0     14.3899841071750
0.0     15.3218351879551
0.0     16.1907660312187
0.0     16.9898110378520
0.0     17.7158999592738
0.0     18.3656706473336
0.0     18.9359314567418
0.0     19.4243690134661
0.0     19.8305021433537
0.0     20.1562408885445
0.0     20.4046652486291
0.0     20.5807207113235
0.0     20.6918942170708
0.0     20.7461245533621
0.0     20.7511842265242
0.0     20.7156108504049
0.0     20.6472513210824
0.0     20.5536786471115
0.0     20.4426570389191
0.0     20.3214668307178
0.0     20.1976093571324
0.0     20.0754966988317
0.0     19.9585793936307
0.0     19.8490223059022
0.0     19.7464679694963
0.0     19.6525842634419
0.0     19.5697645275249
0.0     19.5000997766484
0.0     19.4444391749105
0.0     19.3965618992991
0.0     19.3669417724387
0.0     19.3483069971730
0.0     19.3376144545819
0.0     19.3326400876478
0.0     19.3320724933638
0.0     19.3301913711352
0.0     19.3341102160494
0.0     19.3391653976810
0.0     19.3451938183386
0.0     19.3521132056037
0.0     19.3550636365198
0.0     19.3500350500534
0.0     19.3514543758874
0.0     19.3354795536443
0.0     19.3113210909942
0.0     19.3284162829045
0.0     19.3452941273093
0.0     19.3596918419208
0.0     19.3890764637789
0.0     19.4241463465421
0.0     19.4590839294059
0.0     19.5067878386939
0.0     19.5584895339412
0.0     19.6106441252039
0.0     19.6652127804520
0.0     19.7202195855931
0.0     19.7734246289607
0.0     19.8439218305757
0.0     19.8905613109186
0.0     19.9234796119393
0.0     19.9392435115637
0.0     19.9524425835665
0.0     19.9228760943265    #centre
0.0     19.8433001085819
0.0     19.7606298756210
0.0     19.6408324343557
0.0     19.4482974224816
0.0     19.2493684910620
0.0     19.0092639579656
0.0     18.7129373241005
0.0     18.3578088914623
0.0     17.9393621419132
0.0     17.4555787205516
0.0     16.9554955417728
0.0     16.4094588966097
0.0     15.8209904186334
0.0     15.1945534513471
0.0     14.5365207635947
0.0     13.8532587511198
0.0     13.1509406132792
0.0     12.4358064954394
0.0     11.7143650408675
0.0     10.9939808515174
0.0     10.2810030487265
0.0     9.58037277428353
0.0     8.89767761224967
0.0     8.01597188984468
0.0     7.20911552155150
0.0     6.31798714806226
0.0     5.81600470154826
0.0     5.21809498456372
0.0     4.79744058049880
0.0     4.41041538139422
0.0     4.05567203225907
0.0     3.73168484448480
0.0     3.43576442117339
0.0     3.16449908585671
0.0     2.91589502623419
0.0     2.62807857730072
0.0     2.42542691964895
0.0     2.24193262803182
0.0     2.07441318426241
0.0     1.92002431992000
0.0     1.77619747353572
0.0     1.64065960222520
0.0     1.48123172243821
0.0     1.32585018127084
0.0     1.17824333475350
0.0     1.06713068506977
0.0     0.933015046721008
0.0     0.803789340360881
0.0     0.708970058155108
0.0     0.618350680535769
0.0     0.505010023955209
0.0     0.409942384080202
0.0     0.326947172300341
0.0     0.260684911762653
0.0     0.186116352878331
0.0     0.134356121130812
0.0     0.104423799569786
0.0     0.0752950494303223
0.0     0.0395454022595628
0.0     0.0258300123773558
0.0     0.0283259424543710
0.0     0.0401241640623845
0.0     0.0502087106457358
0.0     0.0613427975661220
0.0     0.0691569024353729
0.0     0.0779224289807218
0.0     0.0831462211838774
0.0     0.0879834905363138
0.0     0.0946489256594155
0.0     0.0984586805499648
0.0     0.0997202179051004
0.0     0.0996056308869366
0.0     0.0991444025448268
0.0     0.0987646628021821
0.0     0.0981815878006697
0.0     0.0979089825713860
0.0     0.0970501162268678
0.0     0.0968426417666632
0.0     0.0961672258923356
0.0     0.0961103549141224
0.0     0.0964229208305526
0.0     0.0965912770095586
0.0     0.0966456335005673
0.0     0.0968628966442088
0.0     0.0972071973364035
0.0     0.0974180174970575
0.0     0.0977996428723394
0.0     0.0978432988581098  #end
0.0975782499909345
0.0973109985680078
0.0969666764160047
0.0964416002417584
0.0957240763502388
0.0948129511571783
0.0937081361046724
0.0924071837211099
0.0909137184088478
0.0892425320650205
0.0873995024064433
0.0853825674013128
0.0831988268982238
0.0808658526891008
0.0784032609455539
0.0758256355929167
0.0731494952281759
0.0703959238101375
0.0675889074698429
0.0647483520558654
0.0618920701100793
0.0590469112574233
0.0562478911957703
0.0535248467761960
0.0508975913947339
0.0483861503100228
0.0460115737021992
0.0437842195027660
0.0417130222688847
0.0398070381266720
0.0380734079617337
0.0365115491026661
0.0351127435152458
0.0338672751984158
0.0327644333720745
0.0317931338241357
0.0309443860156418
0.0302103373600855
0.0295766896330354
0.0290319822260064
0.0285700742431463
0.0281726801696322
0.0278116887563347
0.0274646809016212
0.0271259574537677
0.0267883237138076
0.0264399600898006
0.0260749788493808
0.0256834136983123
0.0252521175443877
0.0247748813165007
0.0242563954397303
0.0236987921020775
0.0230951405691471
0.0224381577908356
0.0217290010142150
0.0209669505422521
0.0201543761250028
0.0192984954328036
0.0184053839907841
0.0174881617105071
0.0165624433428192
0.0156436845958072
0.0147430853532904
0.0138681881248001
0.0130278805426743
0.0122307628575939
0.0114790556465774
0.0107743083947882
0.0101201227824753
0.00950876260319569
0.00893436753020351
0.00840232011427908
0.00791924398305880
0.00749239961107047
0.00712354862515758
0.00680938382127604
0.00654512588202869
0.00633323562430647
0.00617080354880973
0.00604648755719632
0.00595438891468625
0.00589164297225630
0.00586399882051647
0.00587224286842014
0.00591589432635145
0.00600502801427277
0.00614768940135609
0.00634596257508931
0.00660294426801844
0.00692608525499690
0.00731337936243998
0.00775313854020754
0.00823637124777389
0.00875851081413235
0.00931791847650438
0.00991039173471665
0.0105243816108315
0.0111484035070024
0.0117824974257823
0.0124265582848551
0.0130728228809036
0.0137097904833286
0.0143210661294066
0.0148930102329756
0.0154157827931344
0.0158809131878184
0.0162820510834361
0.0166137493571734
0.0168719181811013
0.0170617777918941
0.0171832890562920
0.0172351729576034
0.0172251031218154
0.0171557988795955
0.0173850264589769
0.0158781725454298
0.0168985154160229
0.0166092387411250
0.0163177191788503
0.0159668004497665
0.0156029640990982
0.0152391576410488
0.0148881205618875
0.0145574785002412
0.0142502227515909
0.0139638497987999
0.0137024129096209
0.0134708629702290
0.0132723183979065
0.0131009731206230
0.0129496395138743
0.0128066434804081
0.0126641178799260
0.0125233482378177
0.0123749451701310
0.0122140337983549
0.0120401571795316