0.00528279992083064
0.00548483849279650
0.00568747573920582
0.00589009429188010
0.00609217611189718
0.00629328830817324
0.00723137882688785
0.00593416438276148
0.00601570609919354
0.00609861081855045
0.00618272835629199
0.00626792465648333
0.00635408302893175
0.00644109794581779
0.00652887983734034
0.00661735201559371
0.00670644884204632
0.00679611805679644
0.00688631547830518
0.00697432989614929
0.00706107481152431
0.00714980355945489
0.00724041620530982
0.00733283529089964
0.00742699035051441
0.00752281464514847
0.00762023514384333
0.00772020780475210
0.00782268399556836
0.00792653873695675
0.00803152793775624
0.00813739661498008
0.00824388305907824
0.00835071869695742
0.00845763301113673
0.00856435383434239
0.00867061359699680
0.00877615009765112
0.00888070709120883
0.00898184250126321
0.00907875143013680
0.00917340017543625
0.00926589510491704
0.00935634185609149
0.00944484467715508
0.00953150946063255
0.00961644011330596
0.00970477636749586
0.00979784567808269
0.00989189928134965
0.00998660941927100
0.0100816497245524
0.0101766921384298
0.0102714068424187
0.0103654646708338
0.0104585347867831
0.0105502875748873
0.0106403910717859
0.0107285141115492
0.0108135069386282
0.0108926187595208
0.0109640670731314
0.0110280952753641
0.0110849598580297
0.0111349225195019
0.0111782480198269
0.0112151973690600
0.0112493623468024
0.0112846846517020
0.0113213782432905
0.0113598098089820
0.0114003807693277
0.0114435159893709
0.0114896591761233
0.0115392716792312
0.0115928226573683
0.0116507922901686
0.0117136602702775
0.0117819051292944
0.0118626099718937
0.0119656750087721
0.0120918806928277
0.0122364288129474
0.0123943976886288
0.0125607541435487
0.0127303721104280
0.0128980554704764
0.0130670266084443
0.0132421934531837
0.0134192841966642
0.0135903664186060
0.0137475457573881
0.0138829659000782
0.0139888142041091
0.0140573325798617
0.0140808272997514
0.0140516792453718
0.0139623680692687
0.0138055007660617
0.0135762603787894
0.0132759110066839
0.0129069038000582
0.0124700077736833
0.0119661746295278
0.0113966206189892
0.0107629563141946
0.0100673889071268
0.00931263028237490
0.00850642160007549
0.00766271052537356
0.00680142159494738
0.00595034960632306
0.00515095646645564
0.00446713627070932
0.00399178860713218
0.00382935113458750
0.00403366427809007
0.00456183091691871
0.00531683033139595
0.00586248048946099
0.0132743959842736
0.0280319037482760
0.0480252961720841
0.0715918747353583
0.0974006240298555
0.124197501596444
0.150752664611794
0.200248997763602
0.229184525674324
0.249921589934307
0.264581375580119
0.271825429781108
0.270319909551224
0.258740161113590
0.235781042679229
0.200188890176991
0.0    0.150886599312854   #start
0.0    0.0877938339188295
0.0    0.0317575209445529
0.0    0.100102221245543
0.0    0.257311641463630
0.0    0.411691576555922
0.0    0.584652133483456
0.0    0.773542217927927
0.0    0.975863510441653
0.0    1.18916360831489
0.0    1.41100718998517
0.0    2.16346064048460
0.0    2.63460730958905
0.0    2.96411120212459
0.0    3.29245264614170
0.0    3.61657072342244
0.0    3.93340594050456
0.0    4.23989810945760
0.0    4.53298801603373
0.0    4.80961647012625
0.0    5.06672442392742
0.0    5.30125301243093
0.0    5.51014330844262
0.0    4.37161004074604
0.0    4.37964534907620
0.0    4.53568969830398
0.0    4.69131604091317
0.0    4.84634457156940
0.0    5.00059448766746
0.0    5.15388543600194
0.0    5.30603632655173
0.0    6.35772845187520
0.0    6.68994435572610
0.0    6.85041360123391
0.0    7.00445859143013
0.0    7.15167523987218
0.0    7.29165974407109
0.0    7.42400616923114
0.0    7.54831045134381
0.0    7.66416636328159
0.0    7.77116873174826
0.0    7.86891141957204
0.0    7.95698831893103
0.0    8.03317260058313
0.0    8.09581913984984
0.0    8.14592562281817
0.0    8.18472068987115
0.0    8.21343436211326
0.0    8.23329594464166
0.0    8.24553632873865
0.0    8.25138477997599
0.0    8.25238398995366
0.0    8.24997760930912
0.0    8.24515139670287
0.0    8.23879559609528
0.0    8.23180134351922
0.0    8.22505926446897
0.0    8.21945828218663
0.0    8.21589044124394
0.0    8.21524496511496
0.0    8.21841230879289
0.0    8.22628282773040
0.0    8.23974604545496
0.0    8.04185532819279
0.0    7.60357414018454
0.0    7.62143804944397
0.0    7.63793520698656
0.0    7.65281600289510
0.0    7.66582914696116
0.0    7.67672481523685
0.0    7.68525186783940
0.0    8.35811034193766
0.0    8.61147988706984
0.0    8.61940949758369
0.0    8.62608188928223
0.0    8.63144544060791
0.0    8.63544779245575
0.0    8.63803500782571
0.0    8.63915648765538
0.0    8.63875890549205
0.0    8.63678999055589
0.0    8.63319762365266
0.0    8.62792911799876
0.0    9.80168648592575
0.0    10.5530764415309
0.0    10.5388481682962
0.0    10.5223932569056
0.0    10.5038254490261
0.0    10.4832572713571    #centre
0.0    10.4608028889702
0.0    10.4365749733672
0.0    10.9719621797562
0.0    10.9480327809142
0.0    10.9224603539435
0.0    10.8956283018555
0.0    10.8679200353929
0.0    10.8397189679495
0.0    10.8114057969388
0.0    10.7833645190473
0.0    10.7559769076179
0.0    10.7296243754719
0.0    10.7046883741333
0.0    10.6815498994329
0.0    10.6507089707676
0.0    10.6286018651302
0.0    10.6071545795673
0.0    10.5867230902467
0.0    10.5676661529705
0.0    10.5503403062444
0.0    10.5351047995890
0.0    10.5223174071037
0.0    10.6368828486166
0.0    10.6253375302335
0.0    10.6155593224389
0.0    10.6076568906580
0.0    10.6017391784544
0.0    10.5979153068092
0.0    10.5962920221161
0.0    10.5969777429442
0.0    10.6000781012559
0.0    10.6056991051769
0.0    10.6139444898487
0.0    10.6249170534184
0.0    11.3959513942313
0.0    11.6436263846404
0.0    11.7259440833179
0.0    11.8299874726066
0.0    11.9505675229327
0.0    12.0824936326481
0.0    12.2205764300560
0.0    12.3596263028628
0.0    11.6704140228068
0.0    11.5722891114769
0.0    11.6756942737835
0.0    11.7612878874532
0.0    11.8243591467778
0.0    11.8601975576127
0.0    11.8640902423327
0.0    11.8313275266570
0.0    11.7571976879255
0.0    11.6369896099290
0.0    11.4659920071666
0.0    11.2394929698885
0.0    11.0758501620953
0.0    11.0432916277867
0.0    10.5811096600070
0.0    10.0523016708639
0.0    9.46600017030927
0.0    8.83133726239670
0.0    8.15744643273142
0.0    7.45345946312230
0.0    6.21063528407938
0.0    5.54677224455081
0.0    4.87953765456120
0.0    4.21715841158044
0.0    3.56786286526207
0.0    2.93987962611650
0.0    2.34143831016236
0.0    1.78077302335123
0.0    1.26612547642391
0.0    0.805764481052777
0.0    0.408090008214608
0.0    0.0838299257338070
0.0    0.184598757068124
0.0    0.395650648033276
0.0    0.562627045222858
0.0    0.685778246826635
0.0    0.769060437995139
0.0    0.816488553967127
0.0    0.832092418805213
0.0    0.819907067380282
0.0    0.702577584104528
0.0    0.652443830555696
0.0    0.593198314295962
0.0    0.523509617829888
0.0    0.447084107489222   
0.0    0.367628815456193   #end ball
0.288851316836977
0.214460377657134
0.148167200916361
0.0936879903480952
0.0547442289706670
0.0350127617995840
0.0178348598873111
0.0157259186885565
0.0143290940231067
0.0130327203244043
0.0118947230142928
0.0109751296744966
0.0103323069376110
0.0100161801551196
0.0109001044683970
0.0108145977136530
0.0103186553231531
0.00992061058602724
0.00964251038183635
0.00950020016980378
0.00950016319677555
0.00963787455822483
0.00989848157911792
0.0102594884582785
0.0106942341883428
0.0111749624149058
0.0116701186793832
0.0121501732201086
0.0125949152769197
0.0129890687344164
0.0133204989850780
0.0135794547429845
0.0137579971534132
0.0138496004382917
0.0138627039423303
0.0138130472953876
0.0137075747213781
0.0135543378001144
0.0133616646061294
0.0131379704847684
0.0128915779844574
0.0126305910807986
0.0123627739395367
0.0120954819775882
0.0118356308291828
0.0115897303863142
0.0113639226005490
0.0111553159546514
0.0109594014750618
0.0107771116648856
0.0106095745442656
0.0104581633099336
0.0103245533242285
0.0102107759400601
0.0100992788516905
0.00996975568953840
0.00982118126210972
0.00965514460334263
0.00947302224494513
0.00927594473685796
0.00906475979192291
0.00884002118916226
0.00860196677270154
0.00835051813167068
0.00808528711051420
0.00780559433961771
0.00750714282081072
0.00719575304336639
0.00688179441427841
0.00657036423270046
0.00626657481598551
0.00597558967438961
0.00570267779165381
0.00545330623338230
0.00522698222530646
0.00502557769737214
0.00485516948999579
0.00471693564478320
0.00461204656055789
0.00454153605784821
0.00450617522199707
0.00450637205216970
0.00454211997125453
0.00461300639896410
0.00471828370813637
0.00485697846542577
0.00502563678979845
0.00521960149839521
0.00543543099600425
0.00566626282661636
0.00590535459421361
0.00614606431700276
0.00638183933668015
0.00660619492641214
0.00682608507573920
0.00704902966437127
0.00727036402115231
0.00748550497009602
0.00768982653772761
0.00787862993226405
0.00804715262424008
0.00819057127806151
0.00830401656920462
0.00838259666220303
0.00842142299694627
0.00841564471630586
0.00837599747385397
0.00831326013224811
0.00822375162689724
0.00810680150773948
0.00796206353051448
0.00778964089906568
0.00759025526942036
0.00736548603776375
0.00712346568219298
0.00687036046275214
0.00660758284120427
0.00633971608377552
0.00607258627926345
0.00581356099194261
0.00557185122308539
0.00535872029433078
0.00518744172019814
0.00507277890995021
0.00502976350365027
0.00507182856915119
0.00805194266991119
0.00572503061751044
0.00567227268615333
0.00578227746697906
0.00606848418121915
0.00652937373734523
0.00715182207549223
0.00791717784935461
0.0595390163136469
0.0
0.0
0.0