0.0225978996683622
0.0238035645313158
0.0246155897322010
0.0248585877883557
0.0245364364133043
0.0237629162574719
0.0227269964703898
0.0216604325880727
0.0210077532752028
0.0210884602090214
0.0219174503775913
0.0230449294160329
0.0237152209074382
0.0234318526919890
0.0224272185378496
0.0214318960580349
0.0209342990710176
0.0208979771051251
0.0208306922710989
0.0207478563425817
0.0213910840095420
0.0240890530847166
0.0296285023946769
0.0373699805496510
0.0489470878209526
0.0883512607435959
0.260568493465355
0.0    0.593105833471826   #start
0.0    0.925283548689458
0.0    0.175656900930636
0.0    2.41718013459826
0.0    6.67857738857071
0.0    11.8735067684968
0.0    16.5024628373956
0.0    19.4851329872557
0.0    20.5916340424148
0.0    20.4316941687844
0.0    19.9148223552379
0.0    19.5197233636335
0.0    19.3951152692754
0.0    19.3999569963848
0.0    19.3633341736323
0.0    19.3974431411263
0.0    19.5884905440706
0.0    19.9086743948981    #centre
0.0    20.0185723725565
0.0    19.4665440181803
0.0    17.8025589773486
0.0    14.7947708038924
0.0    10.9665588188985
0.0    7.16710880251409
0.0    4.25079629287581
0.0    2.42941143880784
0.0    1.45435392807965
0.0    0.928266414744337
0.0    0.476737303910472
0.0    0.133002297557947
0.0    0.0273732304393102
0.0    0.0684461218913333
0.0    0.0916341415322417
0.0    0.0934335650626491
0.0    0.0952505916832703  #end
0.0972944495830133
0.0962779869340208
0.0907615225606006
0.0805323501886616
0.0671460431839044
0.0533344102363514
0.0420173749470818
0.0348500497827350
0.0313126083967107
0.0296029868475830
0.0279517321743658
0.0252669818832986
0.0214046708491416
0.0167663557453628
0.0126967949124353
0.00984897816754480
0.00771482024706706
0.00618775823548268
0.00539485860296971
0.00584844751801158
0.00740004939404083
0.00949751563207090
0.0113568547926180
0.0123048187797180
0.0121935357024024
0.0113881349617838
0.0107135393677901
0.0102000871675706
0.00920740353014908