0.00539824534768616
0.00653059021647755
0.00630015392752571
0.00692898978747277
0.00750204219773390
0.00802255026967638
0.00852417823579738
0.00899594545727487
0.00942891689831690
0.00979089499188419
0.0101509072322751
0.0105229854047702
0.0108734694457453
0.0111020564696723
0.0112498251757186
0.0114565567653888
0.0118143088513427
0.0125854743828366
0.0134720927660786
0.0140049325243621
0.0132458273336608
0.0107647207542612
0.00674969300989920
0.00339811798711018
0.0129349905211460
0.119506598194419
0.253968970064171
0.0    0.191459251039457 #start ball
0.0    0.248429961084534
0.0    1.13262060089780
0.0    3.11482677295177
0.0    4.54658960336570
0.0    4.20673451593442
0.0    5.05260127019689
0.0    7.07652891115157
0.0    7.96509098700543
0.0    8.59268424633445
0.0    8.84747033223590
0.0    8.81073147306716
0.0    8.65679434747988
0.0    7.97402492424695
0.0    7.91668762470768
0.0    8.85291690427273
0.0    8.84863902719185
0.0       10.5746018686714  ##centre
0.0    10.4998391215053
0.0    10.9782152204643
0.0    10.9216658470743
0.0    10.8886699073751
0.0    10.8738232967499
0.0    10.9890934623146
0.0    11.0027766237174
0.0    12.0083050710094
0.0    12.6019424197495
0.0    12.2323141214103
0.0    12.2566141983776
0.0    11.4974008713030
0.0    8.58363826871701
0.0    4.70034478392429
0.0    1.58233942491441
0.0    0.257349017587757
0.0    0.816820173832495 #end ball
0.511595183592067
0.188184280640284
0.0235690272583387
0.0100121956664627
0.00923490141888075
0.00983197688849430
0.0123362422562009
0.0140174388246274
0.0138673663460306
0.0127166028407493
0.0115122964838060
0.0106720015487378
0.00997676406144995
0.00885258300735155
0.00735698955972246
0.00578555641123777
0.00472577031906030
0.00446134835764305
0.00506430525046234
0.00617250585017702
0.00729117429233915
0.00822690828396161
0.00842509076055461
0.00787741539798946
0.00672464341788176
0.00552721278479905
0.00697519982832391
0.00719623772710064
0.0