0.0225894525539213
0.0238029688336710
0.0246122100630629
0.0248452535396897
0.0245195897763991
0.0237473741355186
0.0227106347438201
0.0216335667975167
0.0209520128754884
0.0209920614273444
0.0217786179957291
0.0228605119538243
0.0234647069255124
0.0230815993979374
0.0219775207600860
0.0209626140380806
0.0205575144712025
0.0206589588600682
0.0206943321390086
0.0206676404350862
0.0213416306803479
0.0240660142931775
0.0296249224321458
0.0373697909213154
0.0469243467506645
0.0670822466726542
0.109385125493922
0.0     0.181634240198695   #start
0.0     0.268447953794599
0.0     0.142998936149132
0.0     -0.326873503320119
0.0     -1.17676936135953
0.0     -2.25929900372261
0.0     -3.26280505889396
0.0     -3.93404363206219
0.0     -4.19390390160762
0.0     -4.17202226532824
0.0     -4.05607892446235
0.0     -3.96529911045037
0.0     -3.90549446871043
0.0     -3.91034923498593
0.0     -4.04680505508569
0.0     -4.08378916448297
0.0     -4.12721966893952
0.0     -4.19465965354324   #centre
0.0     -4.26971677008572
0.0     -4.14298346669333
0.0     -3.65288180484499
0.0     -2.85812898450384
0.0     -1.93469445702655
0.0     -1.11067576446621
0.0     -0.558327768936936
0.0     -0.295250293986505
0.0     -0.213037055038311
0.0     -0.184634011899835
0.0     -0.123329827171466
0.0     -0.0320948533902351
0.0     0.0249178366899063
0.0     0.0623010346135327
0.0     0.0827904422504161
0.0     0.0906606901870580
0.0     0.0945661870820844  #end
0.0967244791818073
0.0954578582910972
0.0895981186217892
0.0789293114344313
0.0650091419279324
0.0504469785203311
0.0381275031557670
0.0299565672961595
0.0260512878683895
0.0248852364669704
0.0242142054929138
0.0223919530354893
0.0190088654580272
0.0145973117621835
0.0105355425591119
0.00774903295203817
0.00607463611400115
0.00538311774852890
0.00529169777930826
0.00578945039579487
0.00695898813640413
0.00878561203248187
0.0106445612922615
0.0117393656766887
0.0119413437617227
0.0113530588413129
0.0107125828462980
0.0101999079917346
0.00915459545955290