0.0228235970906195
0.0230876912028146
0.0233392880588586
0.0235773111217817
0.0238017100766964
0.0240110520246378
0.0242043402710630
0.0243826376985043
0.0245426319322059
0.0246770216622261
0.0247846388452763
0.0248672951500790
0.0249280731714479
0.0249683292371038
0.0249848719097444
0.0249770690328142
0.0249454621260870
0.0248866908517119
0.0248052614249448
0.0247088239616039
0.0245960774453519
0.0244650142116124
0.0243170675602278
0.0241531076602259
0.0239721288948332
0.0237805218622642
0.0235834809580615
0.0233779260518080
0.0231662341098064
0.0229513239918819
0.0227320353275576
0.0225102408151414
0.0222902363939054
0.0220766377990285
0.0218756792768997
0.0216931216596190
0.0215313024862559
0.0213901705978241
0.0212704659303121
0.0211773325105893
0.0211156127860203
0.0210860925168382
0.0210887008980459
0.0211244439012931
0.0211921199759557
0.0212909617709739
0.0214228792726453
0.0215855746532001
0.0217738988816450
0.0219865605700087
0.0222196009997170
0.0224650064698539
0.0227159411420821
0.0229632712237330
0.0231987000474184
0.0234182396014324
0.0236173109018682
0.0237914827394211
0.0239357737232184
0.0240424828848538
0.0241086964616507
0.0241321367843881
0.0241108485941820
0.0240456609577215
0.0239419952429354
0.0238040146853695
0.0236327858327754
0.0234367740483262
0.0232266826187534
0.0230078961137692
0.0227870912517643
0.0225712111112357
0.0223653722566044
0.0221772255395474
0.0220118354118633
0.0218692703409900
0.0217511301871642
0.0216594670279586
0.0215934229652143
0.0215524732008014
0.0215339743714315
0.0215347429227245
0.0215519756385747
0.0215798135997055
0.0216105670128118
0.0216379962727797
0.0216558267343034
0.0216594155044635
0.0216470773921638
0.0216192784249527
0.0215782880226933
0.0215306248974474
0.0214807409944403
0.0214324947025399
0.0213943127232292
0.0213722628045062
0.0213725957679477
0.0214061472489779
0.0214847914805562
0.0216223268615360
0.0218297088890787
0.0221198490778924
0.0225064665701495
0.0229999151375031
0.0236075007939507
0.0243322204171559
0.0251782955244162
0.0261443970571369
0.0272233275867147
0.0284089172974720
0.0296940239849449
0.0310697784621627
0.0325275769346673
0.0340560467061350
0.0356433267778230
0.0372812547690548
0.0389862144885573
0.0407195816064373
0.0424610773353009
0.0447107552876966
0.0465547892655318
0.0492733602148443
0.0527555506926844
0.0560647534176522
0.0606143596298478
0.0659143922858212
0.0710268438889988
0.0790801684139917
0.0863089356531449
0.0972169712648194
0.107622043202789
0.117805588914460
0.131861937690367
0.148110261788825
0.159304082853189
0.181562766357246
0.0     0.204463061689609   #start
0.0     0.226343929776265
0.0     0.242512702395200
0.0     0.268525138946504
0.0     0.272143663890274
0.0     0.268455481527786
0.0     0.256087663911424
0.0     0.233335952381643
0.0     0.198653427271813
0.0     0.150511382635690
0.0     0.0876185380719254
0.0     0.00931019968354213
0.0     -0.0847316388929097
0.0     -0.194564905550199
0.0     -0.320387229992359
0.0     -0.462344409777698
0.0     -0.620067092680883
0.0     -0.792789251396570
0.0     -0.979605939915909
0.0     -1.17890353730986
0.0     -1.38838464106195
0.0     -1.60556319110442
0.0     -1.82781085632518
0.0     -2.05242238526688
0.0     -2.27660386677355
0.0     -2.49749437844763
0.0     -2.71214874504365
0.0     -2.91804715725495
0.0     -3.11299775044712
0.0     -3.29517674536914
0.0     -3.46332509957925
0.0     -3.61623557867943
0.0     -3.75282035341330
0.0     -3.87204538519885
0.0     -3.97336891817635
0.0     -4.05693749711389
0.0     -4.12321621903308
0.0     -4.17299926020502
0.0     -4.20775364827179
0.0     -4.22921356447374
0.0     -4.23896724328793
0.0     -4.23880472324916
0.0     -4.23033938095222
0.0     -4.21510605279040
0.0     -4.19473282262864
0.0     -4.17076196208506
0.0     -4.14479051156914
0.0     -4.11798435771948
0.0     -4.09131012583710
0.0     -4.06545420734994
0.0     -4.04077948173620
0.0     -4.01787350069556
0.0     -3.99737322091368
0.0     -3.97996939455003
0.0     -3.96596054693705
0.0     -3.92050148772698
0.0     -3.91268533721197
0.0     -3.90764123980204
0.0     -3.90466740501701
0.0     -3.90312573512684
0.0     -3.90270667480700
0.0     -3.90523522380953
0.0     -3.90601907753897
0.0     -3.90716367213561
0.0     -3.90853851009299
0.0     -3.91002457502060
0.0     -3.91323608661339
0.0     -3.99238467651648
0.0     -3.99408322607847
0.0     -4.04563481210925
0.0     -4.09914165441642
0.0     -4.10360021499247
0.0     -4.10660330880864
0.0     -4.07714558487837
0.0     -4.08137258060881
0.0     -4.08760394865131
0.0     -4.09360067045539
0.0     -4.10076074305882
0.0     -4.11014109331416
0.0     -4.11982616703727
0.0     -4.13031595051753
0.0     -4.14132338680911
0.0     -4.15242409239868
0.0     -4.16814079863526
0.0     -4.17947734864574
0.0     -4.18878003062948
0.0     -4.19517527157793
0.0     -4.20155079634336
0.0     -4.19928922331090   #centre
0.0     -4.25338415051504
0.0     -4.23720098426367
0.0     -4.21290956222853
0.0     -4.24332907013961
0.0     -4.19929034496239
0.0     -4.15223468127198
0.0     -4.09249322439925
0.0     -4.02254318116383
0.0     -3.93731958626338
0.0     -3.83672085584602
0.0     -3.72705869938987
0.0     -3.60628776886298
0.0     -3.47498394739151
0.0     -3.33414898955919
0.0     -3.18524108922375
0.0     -3.02984553431569
0.0     -2.86962224491801
0.0     -2.70627987348654
0.0     -2.54132259440573
0.0     -2.37626531885643
0.0     -2.21259826376862
0.0     -2.05182978292932
0.0     -1.89554150734590
0.0     -1.74507491999986
0.0     -1.60171054265937
0.0     -1.46651005732896
0.0     -1.34038471798838
0.0     -1.22414348725582
0.0     -1.11854015674382
0.0     -1.02353961689093
0.0     -0.938651481023516
0.0     -0.863506947048878
0.0     -0.797320684069079
0.0     -0.739060009678675
0.0     -0.687976887675500
0.0     -0.643367601720119
0.0     -0.604477459883787
0.0     -0.570535451519915
0.0     -0.540758046990511
0.0     -0.514397585571396
0.0     -0.490217245691869
0.0     -0.467015186778648
0.0     -0.444392589967008
0.0     -0.422325952165662
0.0     -0.400511311987237
0.0     -0.378171243869991
0.0     -0.342047338506438
0.0     -0.319482551144019
0.0     -0.295195365271646
0.0     -0.269641308087359
0.0     -0.226834279553666
0.0     -0.195875879168671
0.0     -0.156336745173262
0.0     -0.127385106884497
0.0     -0.0909507919609634
0.0     -0.0704109257935253
0.0     -0.0442817092632693
0.0     -0.0279522475569430
0.0     -0.0120876554228199
0.0     0.00270498005196163
0.0     0.0160398350451914
0.0     0.0284021588944733
0.0     0.0382332265424861
0.0     0.0480816786730479
0.0     0.0572273745956574
0.0     0.0648030787363747
0.0     0.0704728693910565
0.0     0.0760616454178204
0.0     0.0809203755353920
0.0     0.0848375314717017
0.0     0.0878969076656311
0.0     0.0898357515654821
0.0     0.0911360184835185
0.0     0.0923069825453909
0.0     0.0933313035343313
0.0     0.0942182941595800
0.0     0.0946506166403051
0.0     0.0950113222252944
0.0     0.0951397889524993
0.0     0.0954638668398095
0.0     0.0957509786198253
0.0     0.0960415488779983
0.0     0.0961353067677954
0.0     0.0962309338110898
0.0     0.0965372777603702
0.0     0.0966606054468347
0.0     0.0968235132827918
0.0     0.0966853267709559  #end
0.0962732844641745
0.0957672915119977
0.0951973259935687
0.0944207291096067
0.0934264934492722
0.0922148404918013
0.0907900022248338
0.0891542176172908
0.0873152433555013
0.0852917577272061
0.0830913569684540
0.0807161706874778
0.0781784318892132
0.0755010125749390
0.0727098715225144
0.0698262302652603
0.0668732036753425
0.0638728468452220
0.0608478916877549
0.0578226521348746
0.0548200911000182
0.0518662150564695
0.0489932211292120
0.0462287921068675
0.0435900812697908
0.0410929344045066
0.0387551862074627
0.0365877851201298
0.0346014575649974
0.0328076619078475
0.0312130582730501
0.0298132036511362
0.0286019205103674
0.0275706015318998
0.0267117135571407
0.0260135763789615
0.0254602728934599
0.0250368597361411
0.0247243239294085
0.0245015496875451
0.0243509391876374
0.0242565479269107
0.0241905565994540
0.0241248961320130
0.0240516003812896
0.0239617323648833
0.0238394461647933
0.0236715867540834
0.0234451310276052
0.0231452680665913
0.0227684190897858
0.0223240314159437
0.0218188047586158
0.0212526539729913
0.0206192021749765
0.0199197969826100
0.0191590637118630
0.0183471095274327
0.0174954848925917
0.0166146755658900
0.0157160588874733
0.0148110004811469
0.0139161166812510
0.0130429850512388
0.0121984192940738
0.0113946827206320
0.0106440611755238
0.00995387131557272
0.00932689645975531
0.00876188821099720
0.00825169109562558
0.00779035823075225
0.00737477417031279
0.00700305088335020
0.00667578446099550
0.00639139410331616
0.00614854937227656
0.00594588276418956
0.00578562681821423
0.00566547895569830
0.00558085321174677
0.00552359437586507
0.00548577866999881
0.00547357082423663
0.00548287926742327
0.00550336817522106
0.00553732741211301
0.00559044656335625
0.00566581871628113
0.00576777236790851
0.00590020175518572
0.00606335984130806
0.00625141288473014
0.00646016442176144
0.00668912939741858
0.00694103655287272
0.00722035587164421
0.00752503471848642
0.00785176558272014
0.00820130423191717
0.00856946307720151
0.00895156576223530
0.00934135346936454
0.00972457227221384
0.0100936250110971
0.0104471353326755
0.0107766912445460
0.0110719054147598
0.0113281884531156
0.0115412377244808
0.0117120039205752
0.0118388316664500
0.0119261405749275
0.0119803621358805
0.0119984754805243
0.0119798362088779
0.0119236678927019
0.0118309376931802
0.0117009419765948
0.0115389909934191
0.0113591524492725
0.0111661742606144
0.0109686789465965
0.0107767395611806
0.0105960940491537
0.0104288669306432
0.0102725879799564
0.0101269293105125
0.00999169539157911
0.00986910197233837
0.00975275551286965
0.00963289863877388
0.00949952184385618
0.00934466864420592
0.00916780826509990
0.00896302532310008
0.00871791638265774
0.00842194483161263