3038.50000000000	3114.50000000000
3026.50000000000	3114.50000000000
3022.50000000000	3114.50000000000
3018.50000000000	3118.50000000000
3018.50000000000	3114.50000000000
3010.50000000000	3114.50000000000
3006.50000000000	3110.50000000000
3006.50000000000	3114.50000000000
3002.50000000000	3114.50000000000
2990.50000000000	3118.50000000000
2994.50000000000	3122.50000000000
2990.50000000000	3122.50000000000
2986.50000000000	3114.50000000000
2986.50000000000	3122.50000000000
2982.50000000000	3122.50000000000
2978.50000000000	3134.50000000000
2974.50000000000	3126.50000000000
2970.50000000000	3122.50000000000
2966.50000000000	3126.50000000000
2962.50000000000	3126.50000000000
2958.50000000000	3126.50000000000
2954.50000000000	3122.50000000000
2950.50000000000	3130.50000000000
2950.50000000000	3126.50000000000
2946.50000000000	3114.50000000000
2946.50000000000	3122.50000000000
2942.50000000000	3122.50000000000
2942.50000000000	3122.50000000000
2938.50000000000	3118.50000000000
2930.50000000000	3122.50000000000
2930.50000000000	3118.50000000000
2922.50000000000	3126.50000000000
2922.50000000000	3126.50000000000
2918.50000000000	3126.50000000000
2910.50000000000	3114.50000000000
2910.50000000000	3130.50000000000
2902.50000000000	3126.50000000000
2898.50000000000	3126.50000000000
2902.50000000000	3126.50000000000
2898.50000000000	3122.50000000000
2890.50000000000	3122.50000000000
2894.50000000000	3126.50000000000
2890.50000000000	3122.50000000000
2886.50000000000	3122.50000000000
2890.50000000000	3126.50000000000
2878.50000000000	3130.50000000000
2874.50000000000	3118.50000000000
2874.50000000000	3118.50000000000
2870.50000000000	3134.50000000000
2866.50000000000	3122.50000000000
2862.50000000000	3130.50000000000
2858.50000000000	3126.50000000000
2854.50000000000	3126.50000000000
2854.50000000000	3122.50000000000
2854.50000000000	3138.50000000000
2850.50000000000	3142.50000000000
2846.50000000000	3142.50000000000
2842.50000000000	3138.50000000000
2846.50000000000	3130.50000000000
2842.50000000000	3126.50000000000
2846.50000000000	3126.50000000000
2838.50000000000	3134.50000000000
2834.50000000000	3126.50000000000
2826.50000000000	3122.50000000000
2830.50000000000	3114.50000000000
2822.50000000000	3122.50000000000
2822.50000000000	3126.50000000000
2826.50000000000	3130.50000000000
2822.50000000000	3126.50000000000
2818.50000000000	3134.50000000000
2814.50000000000	3114.50000000000
2818.50000000000	3114.50000000000
2814.50000000000	3114.50000000000
2814.50000000000	3110.50000000000
2814.50000000000	3126.50000000000
2810.50000000000	3130.50000000000
2802.50000000000	3126.50000000000
2802.50000000000	3126.50000000000
2806.50000000000	3126.50000000000
2802.50000000000	3126.50000000000
2798.50000000000	3130.50000000000
2794.50000000000	3126.50000000000
2798.50000000000	3130.50000000000
2790.50000000000	3130.50000000000
2786.50000000000	3126.50000000000
2786.50000000000	3126.50000000000
2782.50000000000	3126.50000000000
2786.50000000000	3142.50000000000
2778.50000000000	3130.50000000000
2782.50000000000	3126.50000000000
2778.50000000000	3118.50000000000
2778.50000000000	3122.50000000000
2774.50000000000	3134.50000000000
2774.50000000000	3126.50000000000
2770.50000000000	3130.50000000000
2774.50000000000	3134.50000000000
2770.50000000000	3126.50000000000
2766.50000000000	3130.50000000000
2766.50000000000	3122.50000000000
2762.50000000000	3126.50000000000
2762.50000000000	3118.50000000000
2766.50000000000	3126.50000000000
2758.50000000000	3134.50000000000
2754.50000000000	3126.50000000000
2754.50000000000	3118.50000000000
2750.50000000000	3118.50000000000
2750.50000000000	3126.50000000000
2746.50000000000	3126.50000000000
2746.50000000000	3130.50000000000
2742.50000000000	3134.50000000000
2742.50000000000	3150.50000000000
2734.50000000000	3134.50000000000
2730.50000000000	3134.50000000000
2730.50000000000	3126.50000000000
2730.50000000000	3130.50000000000
2722.50000000000	3126.50000000000
2718.50000000000	3130.50000000000
2722.50000000000	3122.50000000000
2722.50000000000	3138.50000000000
2718.50000000000	3126.50000000000
2714.50000000000	3134.50000000000
2714.50000000000	3122.50000000000
2714.50000000000	3142.50000000000
2710.50000000000	3122.50000000000
2710.50000000000	3134.50000000000
2710.50000000000	3126.50000000000
2702.50000000000	3126.50000000000
2706.50000000000	3126.50000000000
2702.50000000000	3118.50000000000
2698.50000000000	3130.50000000000
2694.50000000000	3118.50000000000
2690.50000000000	3122.50000000000
2686.50000000000	3126.50000000000
2682.50000000000	3130.50000000000
2686.50000000000	3130.50000000000
2690.50000000000	3130.50000000000
2686.50000000000	3122.50000000000
2682.50000000000	3122.50000000000
2670.50000000000	3134.50000000000
2670.50000000000	3130.50000000000
2666.50000000000	3134.50000000000
2670.50000000000	3142.50000000000
2662.50000000000	3138.50000000000
2666.50000000000	3142.50000000000
2666.50000000000	3126.50000000000
2658.50000000000	3134.50000000000
2658.50000000000	3138.50000000000
2662.50000000000	3134.50000000000
2658.50000000000	3126.50000000000
2662.50000000000	3126.50000000000
2658.50000000000	3122.50000000000
2654.50000000000	3118.50000000000
2658.50000000000	3122.50000000000
2654.50000000000	3122.50000000000
2650.50000000000	3106.50000000000
2654.50000000000	3122.50000000000
2638.50000000000	3134.50000000000
2642.50000000000	3130.50000000000
2642.50000000000	3142.50000000000
2646.50000000000	3122.50000000000
2638.50000000000	3134.50000000000
2634.50000000000	3126.50000000000
2638.50000000000	3134.50000000000
2630.50000000000	3138.50000000000
2630.50000000000	3130.50000000000
2626.50000000000	3138.50000000000
2626.50000000000	3134.50000000000
2626.50000000000	3134.50000000000
2626.50000000000	3138.50000000000
2618.50000000000	3142.50000000000
2614.50000000000	3134.50000000000
2618.50000000000	3130.50000000000
2610.50000000000	3142.50000000000
2610.50000000000	3138.50000000000
2606.50000000000	3134.50000000000
2606.50000000000	3130.50000000000
2606.50000000000	3126.50000000000
2602.50000000000	3126.50000000000
2602.50000000000	3130.50000000000
2602.50000000000	3130.50000000000
2598.50000000000	3134.50000000000
2598.50000000000	3134.50000000000
2594.50000000000	3138.50000000000
2590.50000000000	3142.50000000000
2598.50000000000	3126.50000000000
2590.50000000000	3130.50000000000
2586.50000000000	3134.50000000000
2586.50000000000	3126.50000000000
2582.50000000000	3138.50000000000
2582.50000000000	3134.50000000000
2578.50000000000	3138.50000000000
2578.50000000000	3130.50000000000
2578.50000000000	3126.50000000000
2574.50000000000	3138.50000000000
2570.50000000000	3130.50000000000
2574.50000000000	3122.50000000000
2578.50000000000	3130.50000000000
2570.50000000000	3122.50000000000
2570.50000000000	3114.50000000000
2574.50000000000	3126.50000000000
2566.50000000000	3118.50000000000
2566.50000000000	3126.50000000000
2562.50000000000	3138.50000000000
2558.50000000000	3134.50000000000
2550.50000000000	3142.50000000000
2550.50000000000	3146.50000000000
2550.50000000000	3146.50000000000
2550.50000000000	3138.50000000000
2550.50000000000	3134.50000000000
2546.50000000000	3146.50000000000
2550.50000000000	3126.50000000000
2546.50000000000	3130.50000000000
2546.50000000000	3122.50000000000
2546.50000000000	3118.50000000000
2542.50000000000	3118.50000000000
2534.50000000000	3118.50000000000
2538.50000000000	3122.50000000000
2538.50000000000	3126.50000000000
2538.50000000000	3122.50000000000
2538.50000000000	3130.50000000000
2538.50000000000	3118.50000000000
2526.50000000000	3122.50000000000
2522.50000000000	3118.50000000000
2522.50000000000	3126.50000000000
2522.50000000000	3126.50000000000
2526.50000000000	3130.50000000000
2518.50000000000	3126.50000000000
2518.50000000000	3122.50000000000
2514.50000000000	3130.50000000000
2518.50000000000	3138.50000000000
2518.50000000000	3134.50000000000
2518.50000000000	3134.50000000000
2518.50000000000	3134.50000000000
2510.50000000000	3138.50000000000
2514.50000000000	3114.50000000000
2514.50000000000	3114.50000000000
2510.50000000000	3114.50000000000
2506.50000000000	3118.50000000000
2506.50000000000	3122.50000000000
2498.50000000000	3126.50000000000
2502.50000000000	3130.50000000000
2502.50000000000	3118.50000000000
2498.50000000000	3122.50000000000
2490.50000000000	3126.50000000000
2490.50000000000	3118.50000000000
2494.50000000000	3130.50000000000
2494.50000000000	3114.50000000000
2494.50000000000	3122.50000000000
2490.50000000000	3134.50000000000
2490.50000000000	3114.50000000000
2486.50000000000	3122.50000000000
2490.50000000000	3130.50000000000
2482.50000000000	3126.50000000000
2478.50000000000	3122.50000000000
2486.50000000000	3130.50000000000
2482.50000000000	3138.50000000000
2478.50000000000	3126.50000000000
2482.50000000000	3118.50000000000
2474.50000000000	3126.50000000000
2470.50000000000	3134.50000000000
2474.50000000000	3118.50000000000
2470.50000000000	3114.50000000000
2474.50000000000	3126.50000000000
2466.50000000000	3134.50000000000
2462.50000000000	3126.50000000000
2458.50000000000	3126.50000000000
2458.50000000000	3126.50000000000
2462.50000000000	3110.50000000000
2466.50000000000	3122.50000000000
2458.50000000000	3118.50000000000
2454.50000000000	3122.50000000000
2454.50000000000	3118.50000000000
2454.50000000000	3106.50000000000
2454.50000000000	3110.50000000000
2450.50000000000	3110.50000000000
2446.50000000000	3126.50000000000
2450.50000000000	3114.50000000000
2446.50000000000	3118.50000000000
2446.50000000000	3118.50000000000
2438.50000000000	3130.50000000000
2446.50000000000	3138.50000000000
2438.50000000000	3130.50000000000
2438.50000000000	3130.50000000000
2434.50000000000	3138.50000000000
2434.50000000000	3134.50000000000
2422.50000000000	3130.50000000000
2426.50000000000	3134.50000000000
2422.50000000000	3142.50000000000
2418.50000000000	3138.50000000000
2414.50000000000	3118.50000000000
2418.50000000000	3134.50000000000
2418.50000000000	3138.50000000000
2418.50000000000	3134.50000000000
2414.50000000000	3142.50000000000
2414.50000000000	3130.50000000000
2414.50000000000	3134.50000000000
2418.50000000000	3146.50000000000
2410.50000000000	3118.50000000000
2414.50000000000	3130.50000000000
2410.50000000000	3126.50000000000
2410.50000000000	3130.50000000000
2406.50000000000	3134.50000000000
2406.50000000000	3126.50000000000
2402.50000000000	3122.50000000000
2406.50000000000	3118.50000000000
2402.50000000000	3126.50000000000
2398.50000000000	3122.50000000000
2398.50000000000	3138.50000000000
2398.50000000000	3134.50000000000
2398.50000000000	3118.50000000000
2394.50000000000	3130.50000000000
2394.50000000000	3134.50000000000
2390.50000000000	3118.50000000000
2390.50000000000	3122.50000000000
2390.50000000000	3126.50000000000
2386.50000000000	3126.50000000000
2390.50000000000	3118.50000000000
2386.50000000000	3130.50000000000
2386.50000000000	3122.50000000000
2378.50000000000	3130.50000000000
2374.50000000000	3110.50000000000
2378.50000000000	3114.50000000000
2370.50000000000	3130.50000000000
2374.50000000000	3122.50000000000
2374.50000000000	3134.50000000000
2366.50000000000	3134.50000000000
2370.50000000000	3138.50000000000
2374.50000000000	3142.50000000000
2370.50000000000	3146.50000000000
2370.50000000000	3150.50000000000
2370.50000000000	3146.50000000000
2366.50000000000	3122.50000000000
2366.50000000000	3118.50000000000
2366.50000000000	3118.50000000000
2362.50000000000	3126.50000000000
2358.50000000000	3122.50000000000
2358.50000000000	3126.50000000000
2354.50000000000	3126.50000000000
2350.50000000000	3130.50000000000
2350.50000000000	3134.50000000000
2346.50000000000	3126.50000000000
2350.50000000000	3114.50000000000
2350.50000000000	3118.50000000000
2350.50000000000	3118.50000000000
2350.50000000000	3122.50000000000
2346.50000000000	3110.50000000000
2342.50000000000	3114.50000000000
2342.50000000000	3118.50000000000
2342.50000000000	3110.50000000000
2338.50000000000	3130.50000000000
2334.50000000000	3134.50000000000
2334.50000000000	3122.50000000000
2334.50000000000	3130.50000000000
2338.50000000000	3134.50000000000
2330.50000000000	3126.50000000000
2334.50000000000	3130.50000000000
2326.50000000000	3118.50000000000
2334.50000000000	3130.50000000000
2330.50000000000	3130.50000000000
2330.50000000000	3134.50000000000
2322.50000000000	3130.50000000000
2326.50000000000	3130.50000000000
2322.50000000000	3142.50000000000
2318.50000000000	3114.50000000000
2326.50000000000	3122.50000000000
2314.50000000000	3126.50000000000
2318.50000000000	3118.50000000000
2318.50000000000	3110.50000000000
2310.50000000000	3118.50000000000
2314.50000000000	3118.50000000000
2314.50000000000	3102.50000000000
2306.50000000000	3118.50000000000
2306.50000000000	3118.50000000000
2302.50000000000	3122.50000000000
2298.50000000000	3126.50000000000
2302.50000000000	3122.50000000000
2298.50000000000	3118.50000000000
2298.50000000000	3142.50000000000
2298.50000000000	3126.50000000000
2298.50000000000	3134.50000000000
2294.50000000000	3130.50000000000
2290.50000000000	3126.50000000000
2290.50000000000	3126.50000000000
2294.50000000000	3122.50000000000
2294.50000000000	3126.50000000000
2286.50000000000	3126.50000000000
2290.50000000000	3130.50000000000
2290.50000000000	3130.50000000000
2278.50000000000	3130.50000000000
2278.50000000000	3138.50000000000
2274.50000000000	3142.50000000000
2274.50000000000	3142.50000000000
2270.50000000000	3146.50000000000
2274.50000000000	3142.50000000000
2278.50000000000	3122.50000000000
2278.50000000000	3130.50000000000
2274.50000000000	3126.50000000000
2270.50000000000	3134.50000000000
2270.50000000000	3122.50000000000
2274.50000000000	3138.50000000000
2270.50000000000	3142.50000000000
2266.50000000000	3130.50000000000
2262.50000000000	3138.50000000000
2262.50000000000	3122.50000000000
2262.50000000000	3138.50000000000
2262.50000000000	3138.50000000000
2246.50000000000	3122.50000000000
2266.50000000000	3130.50000000000
2258.50000000000	3126.50000000000
2266.50000000000	3130.50000000000
2262.50000000000	3118.50000000000
2262.50000000000	3122.50000000000
2254.50000000000	3142.50000000000
2246.50000000000	3142.50000000000
2246.50000000000	3134.50000000000
2250.50000000000	3126.50000000000
2246.50000000000	3130.50000000000
2250.50000000000	3138.50000000000
2242.50000000000	3134.50000000000
2210.50000000000	3146.50000000000
2238.50000000000	3114.50000000000
2238.50000000000	3130.50000000000
2246.50000000000	3138.50000000000
2242.50000000000	3142.50000000000
2226.50000000000	3134.50000000000
2238.50000000000	3138.50000000000
2230.50000000000	3142.50000000000
2238.50000000000	3142.50000000000
2230.50000000000	3150.50000000000
2230.50000000000	3130.50000000000
2230.50000000000	3134.50000000000
2226.50000000000	3110.50000000000
2226.50000000000	3114.50000000000
2226.50000000000	3138.50000000000
2226.50000000000	3142.50000000000
2226.50000000000	3142.50000000000
2222.50000000000	3134.50000000000
2222.50000000000	3130.50000000000
2222.50000000000	3138.50000000000
2218.50000000000	3130.50000000000
2206.50000000000	3138.50000000000
2214.50000000000	3126.50000000000
2210.50000000000	3122.50000000000
2206.50000000000	3138.50000000000
2206.50000000000	3134.50000000000
2194.50000000000	3138.50000000000
2202.50000000000	3142.50000000000
2194.50000000000	3134.50000000000
2198.50000000000	3150.50000000000
2202.50000000000	3146.50000000000
2198.50000000000	3146.50000000000
2198.50000000000	3146.50000000000
2186.50000000000	3138.50000000000
2194.50000000000	3142.50000000000
2198.50000000000	3134.50000000000
2198.50000000000	3130.50000000000
2198.50000000000	3126.50000000000
2194.50000000000	3134.50000000000
2190.50000000000	3134.50000000000
2186.50000000000	3126.50000000000
2186.50000000000	3122.50000000000
2190.50000000000	3122.50000000000
2186.50000000000	3142.50000000000
2182.50000000000	3130.50000000000
2182.50000000000	3138.50000000000
2178.50000000000	3142.50000000000
2174.50000000000	3146.50000000000
2174.50000000000	3118.50000000000
2174.50000000000	3142.50000000000
2166.50000000000	3142.50000000000
2166.50000000000	3134.50000000000
2166.50000000000	3130.50000000000
2162.50000000000	3130.50000000000
2170.50000000000	3126.50000000000
2166.50000000000	3138.50000000000
2162.50000000000	3142.50000000000
2158.50000000000	3150.50000000000
2162.50000000000	3130.50000000000
2162.50000000000	3130.50000000000
2158.50000000000	3134.50000000000
2154.50000000000	3130.50000000000
2158.50000000000	3126.50000000000
2158.50000000000	3134.50000000000
2150.50000000000	3134.50000000000
2154.50000000000	3154.50000000000
2158.50000000000	3142.50000000000
2146.50000000000	3138.50000000000
2146.50000000000	3138.50000000000
2150.50000000000	3138.50000000000
2146.50000000000	3130.50000000000
2138.50000000000	3134.50000000000
2138.50000000000	3162.50000000000
2142.50000000000	3130.50000000000
2146.50000000000	3130.50000000000
2146.50000000000	3154.50000000000
2134.50000000000	3150.50000000000
2138.50000000000	3134.50000000000
2138.50000000000	3142.50000000000
2138.50000000000	3142.50000000000
2130.50000000000	3154.50000000000
2130.50000000000	3162.50000000000
2126.50000000000	3138.50000000000
2134.50000000000	3138.50000000000
2130.50000000000	3134.50000000000
2130.50000000000	3146.50000000000
2126.50000000000	3134.50000000000
2122.50000000000	3146.50000000000
2134.50000000000	3138.50000000000
2126.50000000000	3162.50000000000
2126.50000000000	3126.50000000000
2114.50000000000	3126.50000000000
2122.50000000000	3146.50000000000
2122.50000000000	3134.50000000000
2118.50000000000	3138.50000000000
2110.50000000000	3130.50000000000
2110.50000000000	3126.50000000000
2114.50000000000	3134.50000000000
2106.50000000000	3126.50000000000
2114.50000000000	3134.50000000000
2106.50000000000	3138.50000000000
2114.50000000000	3150.50000000000
2106.50000000000	3130.50000000000
2098.50000000000	3146.50000000000
2098.50000000000	3142.50000000000
2102.50000000000	3138.50000000000
2102.50000000000	3146.50000000000
2090.50000000000	3130.50000000000
2090.50000000000	3138.50000000000
2098.50000000000	3130.50000000000
2094.50000000000	3134.50000000000
2098.50000000000	3126.50000000000
2094.50000000000	3134.50000000000
2086.50000000000	3146.50000000000
2082.50000000000	3154.50000000000
2090.50000000000	3130.50000000000
2078.50000000000	3134.50000000000
2082.50000000000	3138.50000000000
2078.50000000000	3138.50000000000
2082.50000000000	3134.50000000000
2082.50000000000	3146.50000000000
2074.50000000000	3126.50000000000
2082.50000000000	3130.50000000000
2078.50000000000	3130.50000000000
2074.50000000000	3126.50000000000
2078.50000000000	3138.50000000000
2070.50000000000	3146.50000000000
2074.50000000000	3142.50000000000
2066.50000000000	3170.50000000000
2066.50000000000	3142.50000000000
2062.50000000000	3138.50000000000
2070.50000000000	3146.50000000000
2066.50000000000	3138.50000000000
2066.50000000000	3154.50000000000
2062.50000000000	3130.50000000000
2066.50000000000	3138.50000000000
2062.50000000000	3134.50000000000
2070.50000000000	3126.50000000000
2058.50000000000	3134.50000000000
2062.50000000000	3142.50000000000
2058.50000000000	3130.50000000000
2050.50000000000	3138.50000000000
2054.50000000000	3142.50000000000
2050.50000000000	3138.50000000000
2062.50000000000	3118.50000000000
2050.50000000000	3126.50000000000
2050.50000000000	3130.50000000000
2054.50000000000	3134.50000000000
2054.50000000000	3134.50000000000
2054.50000000000	3130.50000000000
2054.50000000000	3134.50000000000
2054.50000000000	3130.50000000000
2046.50000000000	3130.50000000000
2050.50000000000	3154.50000000000
2050.50000000000	3130.50000000000
2046.50000000000	3134.50000000000
2042.50000000000	3122.50000000000
2038.50000000000	3122.50000000000
2038.50000000000	3118.50000000000
2042.50000000000	3130.50000000000
2034.50000000000	3134.50000000000
2038.50000000000	3122.50000000000
2034.50000000000	3126.50000000000
2034.50000000000	3118.50000000000
2026.50000000000	3126.50000000000
2034.50000000000	3130.50000000000
2026.50000000000	3138.50000000000
2026.50000000000	3106.50000000000
2030.50000000000	3110.50000000000
2030.50000000000	3118.50000000000
2034.50000000000	3114.50000000000
2026.50000000000	3122.50000000000
2022.50000000000	3122.50000000000
2022.50000000000	3134.50000000000
2022.50000000000	3114.50000000000
2022.50000000000	3134.50000000000
2022.50000000000	3130.50000000000
2018.50000000000	3138.50000000000
2014.50000000000	3126.50000000000
2018.50000000000	3130.50000000000
2014.50000000000	3126.50000000000
2010.50000000000	3130.50000000000
2006.50000000000	3130.50000000000
2002.50000000000	3134.50000000000
2002.50000000000	3154.50000000000
2006.50000000000	3130.50000000000
2006.50000000000	3150.50000000000
2002.50000000000	3138.50000000000
2002.50000000000	3130.50000000000
1998.50000000000	3138.50000000000
2002.50000000000	3118.50000000000
2002.50000000000	3130.50000000000
2002.50000000000	3122.50000000000
1998.50000000000	3130.50000000000
1990.50000000000	3114.50000000000
1994.50000000000	3134.50000000000
1990.50000000000	3134.50000000000
1990.50000000000	3130.50000000000
1982.50000000000	3126.50000000000
1986.50000000000	3126.50000000000
1986.50000000000	3130.50000000000
1986.50000000000	3122.50000000000
1990.50000000000	3118.50000000000
1982.50000000000	3134.50000000000
1986.50000000000	3134.50000000000
1986.50000000000	3134.50000000000
1986.50000000000	3142.50000000000
1974.50000000000	3142.50000000000
1978.50000000000	3098.50000000000
1978.50000000000	3138.50000000000
1978.50000000000	3138.50000000000
1974.50000000000	3130.50000000000
1974.50000000000	3134.50000000000
1970.50000000000	3150.50000000000
1966.50000000000	3138.50000000000
1966.50000000000	3138.50000000000
1962.50000000000	3150.50000000000
1962.50000000000	3134.50000000000
1966.50000000000	3126.50000000000
1966.50000000000	3130.50000000000
1962.50000000000	3126.50000000000
1966.50000000000	3126.50000000000
1962.50000000000	3130.50000000000
1958.50000000000	3138.50000000000
1958.50000000000	3106.50000000000
1950.50000000000	3118.50000000000
1954.50000000000	3138.50000000000
1954.50000000000	3134.50000000000
1950.50000000000	3134.50000000000
1950.50000000000	3142.50000000000
1946.50000000000	3134.50000000000
1942.50000000000	3126.50000000000
1946.50000000000	3146.50000000000
1942.50000000000	3150.50000000000
1946.50000000000	3138.50000000000
1950.50000000000	3126.50000000000
1942.50000000000	3138.50000000000
1942.50000000000	3118.50000000000
1950.50000000000	3102.50000000000
1942.50000000000	3130.50000000000
1946.50000000000	3126.50000000000
1934.50000000000	3114.50000000000
1942.50000000000	3126.50000000000
1938.50000000000	3126.50000000000
1934.50000000000	3134.50000000000
1930.50000000000	3130.50000000000
1930.50000000000	3130.50000000000
1930.50000000000	3134.50000000000
1934.50000000000	3118.50000000000
1926.50000000000	3114.50000000000
1926.50000000000	3118.50000000000
1926.50000000000	3122.50000000000
1922.50000000000	3126.50000000000
1922.50000000000	3130.50000000000
1926.50000000000	3122.50000000000
1918.50000000000	3126.50000000000
1922.50000000000	3134.50000000000
1910.50000000000	3126.50000000000
1914.50000000000	3122.50000000000
1918.50000000000	3126.50000000000
1918.50000000000	3158.50000000000
1910.50000000000	3134.50000000000
1902.50000000000	3126.50000000000
1914.50000000000	3130.50000000000
1910.50000000000	3126.50000000000
1914.50000000000	3138.50000000000
1906.50000000000	3122.50000000000
1906.50000000000	3130.50000000000
1914.50000000000	3138.50000000000
1906.50000000000	3134.50000000000
1906.50000000000	3126.50000000000
1906.50000000000	3122.50000000000
1898.50000000000	3118.50000000000
1898.50000000000	3126.50000000000
1898.50000000000	3134.50000000000
1894.50000000000	3146.50000000000
1902.50000000000	3134.50000000000
1902.50000000000	3138.50000000000
1898.50000000000	3122.50000000000
1894.50000000000	3142.50000000000
1894.50000000000	3134.50000000000
1894.50000000000	3138.50000000000
1890.50000000000	3130.50000000000
1890.50000000000	3114.50000000000
1890.50000000000	3142.50000000000
1894.50000000000	3138.50000000000
1890.50000000000	3122.50000000000
1866.50000000000	3134.50000000000
1886.50000000000	3114.50000000000
1886.50000000000	3130.50000000000
1878.50000000000	3122.50000000000
1878.50000000000	3158.50000000000
1878.50000000000	3134.50000000000
1882.50000000000	3138.50000000000
1878.50000000000	3154.50000000000
1878.50000000000	3138.50000000000
1882.50000000000	3142.50000000000
1866.50000000000	3142.50000000000
1874.50000000000	3134.50000000000
1874.50000000000	3134.50000000000
1866.50000000000	3138.50000000000
1862.50000000000	3142.50000000000
1866.50000000000	3134.50000000000
1862.50000000000	3126.50000000000
1858.50000000000	3142.50000000000
1858.50000000000	3118.50000000000
1858.50000000000	3130.50000000000
1862.50000000000	3142.50000000000
1858.50000000000	3138.50000000000
1862.50000000000	3134.50000000000
1862.50000000000	3162.50000000000
1854.50000000000	3134.50000000000
1862.50000000000	3146.50000000000
1846.50000000000	3126.50000000000
1854.50000000000	3150.50000000000
1854.50000000000	3130.50000000000
1858.50000000000	3130.50000000000
1850.50000000000	3134.50000000000
1842.50000000000	3150.50000000000
1842.50000000000	3130.50000000000
1846.50000000000	3134.50000000000
1838.50000000000	3126.50000000000
1838.50000000000	3122.50000000000
1838.50000000000	3126.50000000000
1842.50000000000	3134.50000000000
1834.50000000000	3122.50000000000
1838.50000000000	3114.50000000000
1834.50000000000	3130.50000000000
1830.50000000000	3138.50000000000
1834.50000000000	3130.50000000000
1830.50000000000	3142.50000000000
1826.50000000000	3118.50000000000
1830.50000000000	3126.50000000000
1826.50000000000	3126.50000000000
1822.50000000000	3130.50000000000
1826.50000000000	3134.50000000000
1830.50000000000	3130.50000000000
1822.50000000000	3134.50000000000
1822.50000000000	3142.50000000000
1822.50000000000	3134.50000000000
1818.50000000000	3134.50000000000
1826.50000000000	3134.50000000000
1818.50000000000	3126.50000000000
1810.50000000000	3130.50000000000
1810.50000000000	3118.50000000000
1814.50000000000	3118.50000000000
1818.50000000000	3114.50000000000
1814.50000000000	3130.50000000000
1810.50000000000	3134.50000000000
1814.50000000000	3126.50000000000
1810.50000000000	3122.50000000000
1802.50000000000	3134.50000000000
1814.50000000000	3134.50000000000
1806.50000000000	3134.50000000000
1814.50000000000	3138.50000000000
1806.50000000000	3118.50000000000
1810.50000000000	3126.50000000000
1806.50000000000	3146.50000000000
1802.50000000000	3130.50000000000
1806.50000000000	3142.50000000000
1806.50000000000	3130.50000000000
1798.50000000000	3142.50000000000
1794.50000000000	3134.50000000000
1798.50000000000	3130.50000000000
1798.50000000000	3142.50000000000
1790.50000000000	3142.50000000000
1794.50000000000	3122.50000000000
1798.50000000000	3134.50000000000
1794.50000000000	3130.50000000000
1794.50000000000	3126.50000000000
1798.50000000000	3138.50000000000
1794.50000000000	3102.50000000000
1770.50000000000	3126.50000000000
1782.50000000000	3094.50000000000
1790.50000000000	3114.50000000000
1782.50000000000	3138.50000000000
1786.50000000000	3122.50000000000
1786.50000000000	3118.50000000000
1786.50000000000	3114.50000000000
1778.50000000000	3134.50000000000
1778.50000000000	3138.50000000000
1778.50000000000	3134.50000000000
1782.50000000000	3122.50000000000
1766.50000000000	3138.50000000000
1770.50000000000	3126.50000000000
1766.50000000000	3106.50000000000
1774.50000000000	3118.50000000000
1770.50000000000	3118.50000000000
1770.50000000000	3122.50000000000
1766.50000000000	3142.50000000000
1766.50000000000	3134.50000000000
1762.50000000000	3126.50000000000
1762.50000000000	3122.50000000000
1762.50000000000	3122.50000000000
1762.50000000000	3114.50000000000
1762.50000000000	3126.50000000000
1762.50000000000	3118.50000000000
1762.50000000000	3130.50000000000
1762.50000000000	3122.50000000000
1758.50000000000	3130.50000000000
1758.50000000000	3134.50000000000
1758.50000000000	3122.50000000000
1754.50000000000	3130.50000000000
1754.50000000000	3130.50000000000
1754.50000000000	3118.50000000000
1754.50000000000	3122.50000000000
1750.50000000000	3130.50000000000
1750.50000000000	3130.50000000000
1750.50000000000	3126.50000000000
1750.50000000000	3130.50000000000
1746.50000000000	3118.50000000000
1746.50000000000	3138.50000000000
1750.50000000000	3130.50000000000
1746.50000000000	3134.50000000000
1746.50000000000	3130.50000000000
1742.50000000000	3130.50000000000
1738.50000000000	3142.50000000000
1742.50000000000	3150.50000000000
1742.50000000000	3142.50000000000
1742.50000000000	3134.50000000000
1730.50000000000	3150.50000000000
1738.50000000000	3130.50000000000
1742.50000000000	3130.50000000000
1738.50000000000	3102.50000000000
1742.50000000000	3118.50000000000
1738.50000000000	3126.50000000000
1734.50000000000	3122.50000000000
1726.50000000000	3130.50000000000
1726.50000000000	3130.50000000000
1734.50000000000	3114.50000000000
1730.50000000000	3126.50000000000
1726.50000000000	3114.50000000000
1730.50000000000	3118.50000000000
1730.50000000000	3174.50000000000
1726.50000000000	3126.50000000000
1726.50000000000	3118.50000000000
1726.50000000000	3138.50000000000
1718.50000000000	3134.50000000000
1722.50000000000	3134.50000000000
1718.50000000000	3126.50000000000
1718.50000000000	3130.50000000000
1714.50000000000	3138.50000000000
1714.50000000000	3126.50000000000
1710.50000000000	3130.50000000000
1714.50000000000	3130.50000000000
1706.50000000000	3126.50000000000
1718.50000000000	3126.50000000000
1714.50000000000	3142.50000000000
1706.50000000000	3118.50000000000
1706.50000000000	3126.50000000000
1710.50000000000	3122.50000000000
1706.50000000000	3126.50000000000
1702.50000000000	3114.50000000000
1710.50000000000	3126.50000000000
1698.50000000000	3138.50000000000
1702.50000000000	3122.50000000000
1702.50000000000	3106.50000000000
1698.50000000000	3126.50000000000
1694.50000000000	3134.50000000000
1702.50000000000	3138.50000000000
1698.50000000000	3126.50000000000
1698.50000000000	3134.50000000000
1694.50000000000	3134.50000000000
1698.50000000000	3134.50000000000
1686.50000000000	3130.50000000000
1690.50000000000	3126.50000000000
1682.50000000000	3134.50000000000
1682.50000000000	3134.50000000000
1686.50000000000	3110.50000000000
1686.50000000000	3114.50000000000
1690.50000000000	3138.50000000000
1690.50000000000	3130.50000000000
1690.50000000000	3138.50000000000
1686.50000000000	3122.50000000000
1682.50000000000	3114.50000000000
1682.50000000000	3138.50000000000
1682.50000000000	3146.50000000000
1678.50000000000	3138.50000000000
1678.50000000000	3138.50000000000
1678.50000000000	3126.50000000000
1674.50000000000	3130.50000000000
1678.50000000000	3134.50000000000
1674.50000000000	3126.50000000000
1678.50000000000	3138.50000000000
1678.50000000000	3162.50000000000
1670.50000000000	3138.50000000000
1670.50000000000	3134.50000000000
1666.50000000000	3134.50000000000
1666.50000000000	3122.50000000000
1662.50000000000	3126.50000000000
1666.50000000000	3142.50000000000
1662.50000000000	3138.50000000000
1666.50000000000	3126.50000000000
1666.50000000000	3146.50000000000
1658.50000000000	3138.50000000000
1662.50000000000	3130.50000000000
1654.50000000000	3130.50000000000
1658.50000000000	3134.50000000000
1658.50000000000	3130.50000000000
1658.50000000000	3138.50000000000
1654.50000000000	3134.50000000000
1654.50000000000	3138.50000000000
1658.50000000000	3130.50000000000
1658.50000000000	3122.50000000000
1650.50000000000	3122.50000000000
1650.50000000000	3130.50000000000
1654.50000000000	3130.50000000000
1654.50000000000	3134.50000000000
1654.50000000000	3134.50000000000
1650.50000000000	3126.50000000000
1650.50000000000	3126.50000000000
1646.50000000000	3134.50000000000
1642.50000000000	3142.50000000000
1638.50000000000	3142.50000000000
1642.50000000000	3138.50000000000
1646.50000000000	3122.50000000000
1646.50000000000	3118.50000000000
1642.50000000000	3130.50000000000
1638.50000000000	3138.50000000000
1642.50000000000	3122.50000000000
1638.50000000000	3114.50000000000
1630.50000000000	3150.50000000000
1634.50000000000	3146.50000000000
1626.50000000000	3138.50000000000
1610.50000000000	3134.50000000000
1626.50000000000	3130.50000000000
1626.50000000000	3130.50000000000
1630.50000000000	3118.50000000000
1626.50000000000	3126.50000000000
1626.50000000000	3138.50000000000
1618.50000000000	3142.50000000000
1622.50000000000	3134.50000000000
1622.50000000000	3138.50000000000
1618.50000000000	3126.50000000000
1622.50000000000	3130.50000000000
1622.50000000000	3130.50000000000
1622.50000000000	3142.50000000000
1622.50000000000	3138.50000000000
1618.50000000000	3130.50000000000
1618.50000000000	3126.50000000000
1614.50000000000	3130.50000000000
1610.50000000000	3130.50000000000
1606.50000000000	3122.50000000000
1606.50000000000	3126.50000000000
1610.50000000000	3126.50000000000
1598.50000000000	3130.50000000000
1602.50000000000	3118.50000000000
1602.50000000000	3138.50000000000
1602.50000000000	3134.50000000000
1594.50000000000	3118.50000000000
1602.50000000000	3126.50000000000
1594.50000000000	3130.50000000000
1602.50000000000	3126.50000000000
1598.50000000000	3122.50000000000
1598.50000000000	3106.50000000000
1590.50000000000	3130.50000000000
1590.50000000000	3114.50000000000
1586.50000000000	3122.50000000000
1586.50000000000	3122.50000000000
1590.50000000000	3122.50000000000
1590.50000000000	3118.50000000000
1590.50000000000	3114.50000000000
1590.50000000000	3114.50000000000
1582.50000000000	3106.50000000000
1590.50000000000	3122.50000000000
1586.50000000000	3118.50000000000
1578.50000000000	3130.50000000000
1578.50000000000	3126.50000000000
1582.50000000000	3130.50000000000
1582.50000000000	3114.50000000000
1578.50000000000	3122.50000000000
1578.50000000000	3134.50000000000
1578.50000000000	3110.50000000000
1578.50000000000	3118.50000000000
1574.50000000000	3130.50000000000
1574.50000000000	3150.50000000000
1574.50000000000	3138.50000000000
1570.50000000000	3142.50000000000
1566.50000000000	3126.50000000000
1570.50000000000	3122.50000000000
1570.50000000000	3126.50000000000
1570.50000000000	3122.50000000000
1574.50000000000	3130.50000000000
1566.50000000000	3122.50000000000
1570.50000000000	3098.50000000000
1558.50000000000	3126.50000000000
1570.50000000000	3126.50000000000
1566.50000000000	3122.50000000000
1566.50000000000	3110.50000000000
1566.50000000000	3130.50000000000
1558.50000000000	3118.50000000000
1558.50000000000	3142.50000000000
1562.50000000000	3130.50000000000
1562.50000000000	3118.50000000000
1554.50000000000	3122.50000000000
1558.50000000000	3134.50000000000
1558.50000000000	3114.50000000000
1558.50000000000	3138.50000000000
1562.50000000000	3130.50000000000
1558.50000000000	3134.50000000000
1550.50000000000	3126.50000000000
1550.50000000000	3126.50000000000
1546.50000000000	3134.50000000000
1550.50000000000	3118.50000000000
1554.50000000000	3114.50000000000
1550.50000000000	3126.50000000000
1542.50000000000	3118.50000000000
1538.50000000000	3150.50000000000
1546.50000000000	3114.50000000000
1542.50000000000	3126.50000000000
1546.50000000000	3118.50000000000
1538.50000000000	3126.50000000000
1538.50000000000	3118.50000000000
1534.50000000000	3126.50000000000
1530.50000000000	3106.50000000000
1538.50000000000	3122.50000000000
1534.50000000000	3138.50000000000
1530.50000000000	3126.50000000000
1530.50000000000	3114.50000000000
1530.50000000000	3118.50000000000
1530.50000000000	3126.50000000000
1530.50000000000	3122.50000000000
1538.50000000000	3142.50000000000
1534.50000000000	3126.50000000000
1518.50000000000	3118.50000000000
1526.50000000000	3126.50000000000
1518.50000000000	3130.50000000000
1514.50000000000	3138.50000000000
1510.50000000000	3130.50000000000
1506.50000000000	3150.50000000000
1514.50000000000	3130.50000000000
1510.50000000000	3146.50000000000
1518.50000000000	3162.50000000000
1514.50000000000	3126.50000000000
1514.50000000000	3134.50000000000
1510.50000000000	3130.50000000000
1514.50000000000	3142.50000000000
1514.50000000000	3142.50000000000
1510.50000000000	3150.50000000000
1510.50000000000	3122.50000000000
1510.50000000000	3126.50000000000
1510.50000000000	3118.50000000000
1502.50000000000	3130.50000000000
1506.50000000000	3118.50000000000
1498.50000000000	3122.50000000000
1502.50000000000	3118.50000000000
1502.50000000000	3122.50000000000
1498.50000000000	3130.50000000000
1498.50000000000	3114.50000000000
1494.50000000000	3114.50000000000
1498.50000000000	3130.50000000000
1490.50000000000	3130.50000000000
1486.50000000000	3118.50000000000
1490.50000000000	3138.50000000000
1490.50000000000	3154.50000000000
1494.50000000000	3130.50000000000
1486.50000000000	3134.50000000000
1486.50000000000	3154.50000000000
1482.50000000000	3126.50000000000
1482.50000000000	3138.50000000000
1486.50000000000	3154.50000000000
1482.50000000000	3122.50000000000
1486.50000000000	3122.50000000000
1490.50000000000	3126.50000000000
1482.50000000000	3138.50000000000
1482.50000000000	3130.50000000000
1482.50000000000	3122.50000000000
1482.50000000000	3134.50000000000
1478.50000000000	3134.50000000000
1478.50000000000	3138.50000000000
1478.50000000000	3142.50000000000
1474.50000000000	3142.50000000000
1482.50000000000	3138.50000000000
1474.50000000000	3146.50000000000
1478.50000000000	3154.50000000000
1474.50000000000	3154.50000000000
1478.50000000000	3126.50000000000
1466.50000000000	3150.50000000000
1470.50000000000	3146.50000000000
1474.50000000000	3134.50000000000
1470.50000000000	3142.50000000000
1470.50000000000	3142.50000000000
1470.50000000000	3142.50000000000
1470.50000000000	3134.50000000000
1466.50000000000	3138.50000000000
1458.50000000000	3142.50000000000
1462.50000000000	3142.50000000000
1466.50000000000	3126.50000000000
1450.50000000000	3142.50000000000
1454.50000000000	3166.50000000000
1454.50000000000	3142.50000000000
1462.50000000000	3142.50000000000
1454.50000000000	3146.50000000000
1450.50000000000	3134.50000000000
1454.50000000000	3134.50000000000
1450.50000000000	3134.50000000000
1458.50000000000	3150.50000000000
1446.50000000000	3134.50000000000
1454.50000000000	3154.50000000000
1442.50000000000	3158.50000000000
1446.50000000000	3154.50000000000
1446.50000000000	3114.50000000000
1450.50000000000	3134.50000000000
1442.50000000000	3138.50000000000
1446.50000000000	3130.50000000000
1442.50000000000	3138.50000000000
1450.50000000000	3130.50000000000
1438.50000000000	3122.50000000000
1442.50000000000	3146.50000000000
1442.50000000000	3138.50000000000
1438.50000000000	3146.50000000000
1434.50000000000	3114.50000000000
1438.50000000000	3134.50000000000
1434.50000000000	3150.50000000000
1426.50000000000	3154.50000000000
1434.50000000000	3150.50000000000
1426.50000000000	3146.50000000000
1430.50000000000	3146.50000000000
1426.50000000000	3146.50000000000
1426.50000000000	3118.50000000000
1426.50000000000	3134.50000000000
1422.50000000000	3126.50000000000
1422.50000000000	3118.50000000000
1426.50000000000	3138.50000000000
1422.50000000000	3134.50000000000
1422.50000000000	3138.50000000000
1414.50000000000	3146.50000000000
1406.50000000000	3146.50000000000
1418.50000000000	3138.50000000000
1406.50000000000	3142.50000000000
1410.50000000000	3122.50000000000
1410.50000000000	3118.50000000000
1410.50000000000	3142.50000000000
1418.50000000000	3130.50000000000
1398.50000000000	3126.50000000000
1402.50000000000	3130.50000000000
1398.50000000000	3114.50000000000
1402.50000000000	3118.50000000000
1402.50000000000	3118.50000000000
1398.50000000000	3134.50000000000
1406.50000000000	3110.50000000000
1406.50000000000	3118.50000000000
1398.50000000000	3134.50000000000
1402.50000000000	3118.50000000000
1406.50000000000	3126.50000000000
1406.50000000000	3134.50000000000
1390.50000000000	3122.50000000000
1398.50000000000	3122.50000000000
1226.50000000000	3082.50000000000
1390.50000000000	3138.50000000000
1390.50000000000	3122.50000000000
1390.50000000000	3126.50000000000
1390.50000000000	3122.50000000000
1386.50000000000	3122.50000000000
1386.50000000000	3102.50000000000
1382.50000000000	3110.50000000000
1390.50000000000	3106.50000000000
1390.50000000000	3126.50000000000
1378.50000000000	3130.50000000000
1386.50000000000	3130.50000000000
1382.50000000000	3130.50000000000
1378.50000000000	3130.50000000000
1378.50000000000	3134.50000000000
1382.50000000000	3138.50000000000
1374.50000000000	3130.50000000000
1378.50000000000	3138.50000000000
1374.50000000000	3138.50000000000
1378.50000000000	3126.50000000000
1378.50000000000	3154.50000000000
1374.50000000000	3150.50000000000
1378.50000000000	3146.50000000000
1378.50000000000	3142.50000000000
1366.50000000000	3142.50000000000
1366.50000000000	3142.50000000000
1362.50000000000	3134.50000000000
1358.50000000000	3142.50000000000
1358.50000000000	3154.50000000000
1366.50000000000	3142.50000000000
1362.50000000000	3138.50000000000
1358.50000000000	3134.50000000000
1366.50000000000	3138.50000000000
1362.50000000000	3134.50000000000
1354.50000000000	3142.50000000000
1358.50000000000	3130.50000000000
1358.50000000000	3138.50000000000
1354.50000000000	3130.50000000000
1358.50000000000	3126.50000000000
1350.50000000000	3126.50000000000
1354.50000000000	3134.50000000000
1346.50000000000	3130.50000000000
1350.50000000000	3134.50000000000
1350.50000000000	3118.50000000000
1346.50000000000	3130.50000000000
1342.50000000000	3118.50000000000
1342.50000000000	3138.50000000000
1342.50000000000	3118.50000000000
1334.50000000000	3126.50000000000
1334.50000000000	3114.50000000000
1334.50000000000	3126.50000000000
1338.50000000000	3126.50000000000
1338.50000000000	3142.50000000000
1338.50000000000	3138.50000000000
1338.50000000000	3126.50000000000
1334.50000000000	3130.50000000000
1330.50000000000	3122.50000000000
1334.50000000000	3138.50000000000
1334.50000000000	3138.50000000000
1330.50000000000	3126.50000000000
1334.50000000000	3126.50000000000
1330.50000000000	3142.50000000000
1326.50000000000	3142.50000000000
1322.50000000000	3138.50000000000
1326.50000000000	3138.50000000000
1322.50000000000	3166.50000000000
1326.50000000000	3134.50000000000
1326.50000000000	3122.50000000000
1318.50000000000	3134.50000000000
1326.50000000000	3146.50000000000
1318.50000000000	3118.50000000000
1326.50000000000	3130.50000000000
1322.50000000000	3146.50000000000
1322.50000000000	3138.50000000000
1326.50000000000	3146.50000000000
1322.50000000000	3146.50000000000
1318.50000000000	3146.50000000000
1314.50000000000	3134.50000000000
1310.50000000000	3142.50000000000
1314.50000000000	3142.50000000000
1310.50000000000	3142.50000000000
1314.50000000000	3126.50000000000
1306.50000000000	3150.50000000000
1302.50000000000	3146.50000000000
1302.50000000000	3122.50000000000
1306.50000000000	3114.50000000000
1306.50000000000	3118.50000000000
1294.50000000000	3130.50000000000
1302.50000000000	3110.50000000000
1302.50000000000	3130.50000000000
1298.50000000000	3118.50000000000
1290.50000000000	3126.50000000000
1294.50000000000	3154.50000000000
1286.50000000000	3138.50000000000
1294.50000000000	3126.50000000000
1282.50000000000	3146.50000000000
1294.50000000000	3126.50000000000
1290.50000000000	3138.50000000000
1290.50000000000	3134.50000000000
1290.50000000000	3130.50000000000
1290.50000000000	3122.50000000000
1282.50000000000	3142.50000000000
1282.50000000000	3134.50000000000
1286.50000000000	3106.50000000000
1286.50000000000	3118.50000000000
1278.50000000000	3126.50000000000
1278.50000000000	3134.50000000000
1278.50000000000	3114.50000000000
1274.50000000000	3122.50000000000
1274.50000000000	3114.50000000000
1282.50000000000	3118.50000000000
1278.50000000000	3118.50000000000
1270.50000000000	3110.50000000000
1274.50000000000	3126.50000000000
1270.50000000000	3126.50000000000
1270.50000000000	3134.50000000000
1266.50000000000	3146.50000000000
1266.50000000000	3134.50000000000
1266.50000000000	3138.50000000000
1266.50000000000	3122.50000000000
1266.50000000000	3130.50000000000
1262.50000000000	3130.50000000000
1258.50000000000	3134.50000000000
1262.50000000000	3130.50000000000
1262.50000000000	3134.50000000000
1262.50000000000	3122.50000000000
1258.50000000000	3130.50000000000
1262.50000000000	3134.50000000000
1254.50000000000	3122.50000000000
1250.50000000000	3110.50000000000
1254.50000000000	3126.50000000000
1250.50000000000	3118.50000000000
1250.50000000000	3118.50000000000
1238.50000000000	3150.50000000000
1250.50000000000	3138.50000000000
1250.50000000000	3138.50000000000
1242.50000000000	3130.50000000000
1246.50000000000	3122.50000000000
1238.50000000000	3126.50000000000
1238.50000000000	3118.50000000000
1242.50000000000	3122.50000000000
1238.50000000000	3142.50000000000
1242.50000000000	3138.50000000000
1238.50000000000	3130.50000000000
1238.50000000000	3122.50000000000
1238.50000000000	3130.50000000000
1238.50000000000	3130.50000000000
1234.50000000000	3126.50000000000
1238.50000000000	3114.50000000000
1234.50000000000	3118.50000000000
1234.50000000000	3134.50000000000
1230.50000000000	3106.50000000000
1234.50000000000	3118.50000000000
1234.50000000000	3130.50000000000
1230.50000000000	3134.50000000000
1230.50000000000	3142.50000000000
1222.50000000000	3138.50000000000
1222.50000000000	3126.50000000000
1226.50000000000	3126.50000000000
1222.50000000000	3134.50000000000
1218.50000000000	3130.50000000000
1218.50000000000	3122.50000000000
1214.50000000000	3126.50000000000
1210.50000000000	3126.50000000000
1206.50000000000	3130.50000000000
1210.50000000000	3126.50000000000
1210.50000000000	3122.50000000000
1206.50000000000	3126.50000000000
1210.50000000000	3130.50000000000
1214.50000000000	3126.50000000000
1206.50000000000	3122.50000000000
1206.50000000000	3130.50000000000
1202.50000000000	3138.50000000000
1194.50000000000	3146.50000000000
1210.50000000000	3130.50000000000
1206.50000000000	3122.50000000000
1210.50000000000	3122.50000000000
1210.50000000000	3130.50000000000
1202.50000000000	3130.50000000000
1202.50000000000	3146.50000000000
1198.50000000000	3142.50000000000
1202.50000000000	3130.50000000000
1198.50000000000	3130.50000000000
1198.50000000000	3122.50000000000
1190.50000000000	3114.50000000000
1194.50000000000	3118.50000000000
1190.50000000000	3134.50000000000
1166.50000000000	3138.50000000000
1190.50000000000	3130.50000000000
1182.50000000000	3122.50000000000
1190.50000000000	3126.50000000000
1186.50000000000	3138.50000000000
1186.50000000000	3146.50000000000
1190.50000000000	3134.50000000000
1186.50000000000	3126.50000000000
1174.50000000000	3134.50000000000
1186.50000000000	3134.50000000000
1186.50000000000	3126.50000000000
1182.50000000000	3146.50000000000
1174.50000000000	3138.50000000000
1174.50000000000	3126.50000000000
1174.50000000000	3130.50000000000
1182.50000000000	3126.50000000000
1162.50000000000	3122.50000000000
1174.50000000000	3126.50000000000
1170.50000000000	3162.50000000000
1166.50000000000	3138.50000000000
1170.50000000000	3130.50000000000
1166.50000000000	3146.50000000000
1166.50000000000	3122.50000000000
1166.50000000000	3134.50000000000
1174.50000000000	3114.50000000000
1166.50000000000	3126.50000000000
1166.50000000000	3138.50000000000
1162.50000000000	3126.50000000000
1166.50000000000	3142.50000000000
1162.50000000000	3142.50000000000
1154.50000000000	3130.50000000000
1158.50000000000	3122.50000000000
1162.50000000000	3126.50000000000
1154.50000000000	3150.50000000000
1158.50000000000	3130.50000000000
1158.50000000000	3138.50000000000
1150.50000000000	3122.50000000000
1154.50000000000	3142.50000000000
1154.50000000000	3126.50000000000
1154.50000000000	3126.50000000000
1154.50000000000	3134.50000000000
1150.50000000000	3146.50000000000
1154.50000000000	3130.50000000000
1150.50000000000	3142.50000000000
1146.50000000000	3138.50000000000
1150.50000000000	3134.50000000000
1150.50000000000	3126.50000000000
1154.50000000000	3130.50000000000
1150.50000000000	3138.50000000000
1142.50000000000	3130.50000000000
1146.50000000000	3130.50000000000
1142.50000000000	3154.50000000000
1130.50000000000	3154.50000000000
1134.50000000000	3158.50000000000
1138.50000000000	3162.50000000000
1146.50000000000	3154.50000000000
1134.50000000000	3154.50000000000
1134.50000000000	3158.50000000000
1134.50000000000	3162.50000000000
1126.50000000000	3166.50000000000
1130.50000000000	3162.50000000000
1134.50000000000	3166.50000000000
1130.50000000000	3178.50000000000
1130.50000000000	3130.50000000000
1130.50000000000	3114.50000000000
1126.50000000000	3134.50000000000
1126.50000000000	3130.50000000000
1122.50000000000	3154.50000000000
1122.50000000000	3162.50000000000
1114.50000000000	3158.50000000000
1118.50000000000	3126.50000000000
1118.50000000000	3150.50000000000
1122.50000000000	3110.50000000000
1118.50000000000	3118.50000000000
1118.50000000000	3130.50000000000
1114.50000000000	3118.50000000000
1118.50000000000	3110.50000000000
1114.50000000000	3130.50000000000
1118.50000000000	3114.50000000000
1106.50000000000	3134.50000000000
1110.50000000000	3122.50000000000
1110.50000000000	3130.50000000000
1110.50000000000	3118.50000000000
1114.50000000000	3114.50000000000
1114.50000000000	3114.50000000000
1114.50000000000	3126.50000000000
1106.50000000000	3118.50000000000
1094.50000000000	3110.50000000000
1098.50000000000	3130.50000000000
1094.50000000000	3138.50000000000
1094.50000000000	3134.50000000000
1094.50000000000	3146.50000000000
1094.50000000000	3130.50000000000
1090.50000000000	3126.50000000000
1094.50000000000	3118.50000000000
1090.50000000000	3118.50000000000
1086.50000000000	3102.50000000000
1086.50000000000	3114.50000000000
1086.50000000000	3122.50000000000
1082.50000000000	3134.50000000000
1082.50000000000	3126.50000000000
1078.50000000000	3118.50000000000
1078.50000000000	3118.50000000000
1082.50000000000	3114.50000000000
1078.50000000000	3126.50000000000
1082.50000000000	3114.50000000000
1078.50000000000	3162.50000000000
1070.50000000000	3110.50000000000
1074.50000000000	3090.50000000000
1070.50000000000	3150.50000000000
1070.50000000000	3110.50000000000
1078.50000000000	3114.50000000000
1082.50000000000	3110.50000000000
1066.50000000000	3130.50000000000
1074.50000000000	3102.50000000000
1070.50000000000	3142.50000000000
1074.50000000000	3122.50000000000
1074.50000000000	3106.50000000000
1070.50000000000	3110.50000000000
1070.50000000000	3114.50000000000
1070.50000000000	3122.50000000000
1062.50000000000	3114.50000000000
1062.50000000000	3114.50000000000
1066.50000000000	3094.50000000000
1062.50000000000	3098.50000000000
1062.50000000000	3110.50000000000
1066.50000000000	3102.50000000000
1058.50000000000	3102.50000000000
1062.50000000000	3106.50000000000
1082.50000000000	3178.50000000000
1054.50000000000	3114.50000000000
1054.50000000000	3138.50000000000
1054.50000000000	3114.50000000000
1046.50000000000	3114.50000000000
1054.50000000000	3110.50000000000
1046.50000000000	3110.50000000000
1046.50000000000	3110.50000000000
1042.50000000000	3106.50000000000
1046.50000000000	3098.50000000000
1046.50000000000	3114.50000000000
1046.50000000000	3106.50000000000
1046.50000000000	3110.50000000000
1042.50000000000	3122.50000000000
1038.50000000000	3118.50000000000
1038.50000000000	3122.50000000000
1038.50000000000	3118.50000000000
1038.50000000000	3054.50000000000
1042.50000000000	3074.50000000000
1042.50000000000	3094.50000000000
1030.50000000000	3138.50000000000
1018.50000000000	3134.50000000000
1018.50000000000	3110.50000000000
1026.50000000000	3118.50000000000
1026.50000000000	3154.50000000000
1042.50000000000	3078.50000000000
1022.50000000000	3122.50000000000
1006.50000000000	3118.50000000000
1026.50000000000	3126.50000000000
1022.50000000000	3122.50000000000
1022.50000000000	3134.50000000000
1018.50000000000	3146.50000000000
1014.50000000000	3146.50000000000
1022.50000000000	3158.50000000000
1022.50000000000	3162.50000000000
1022.50000000000	3138.50000000000
1018.50000000000	3154.50000000000
1022.50000000000	3142.50000000000
1014.50000000000	3186.50000000000
1022.50000000000	3134.50000000000
1014.50000000000	3130.50000000000
1014.50000000000	3126.50000000000
1014.50000000000	3126.50000000000
1010.50000000000	3134.50000000000
1006.50000000000	3122.50000000000
1010.50000000000	3130.50000000000
1006.50000000000	3118.50000000000
1006.50000000000	3142.50000000000
998.499999999999	3134.50000000000
1002.50000000000	3118.50000000000
1002.50000000000	3134.50000000000
998.499999999999	3126.50000000000
994.499999999999	3114.50000000000
998.499999999999	3126.50000000000
994.499999999999	3122.50000000000
990.499999999999	3118.50000000000
990.499999999999	3126.50000000000
998.499999999999	3130.50000000000
994.499999999999	3126.50000000000
986.499999999999	3110.50000000000
990.499999999999	3134.50000000000
990.499999999999	3114.50000000000
990.499999999999	3130.50000000000
990.499999999999	3098.50000000000
990.499999999999	3134.50000000000
986.499999999999	3134.50000000000
990.499999999999	3102.50000000000
986.499999999999	3122.50000000000
986.499999999999	3154.50000000000
986.499999999999	3126.50000000000
982.499999999999	3142.50000000000
978.499999999999	3122.50000000000
978.499999999999	3118.50000000000
974.499999999999	3118.50000000000
966.499999999999	3126.50000000000
962.499999999999	3114.50000000000
958.499999999999	3118.50000000000
966.499999999999	3130.50000000000
970.499999999999	3110.50000000000
978.499999999999	3130.50000000000
946.499999999999	3138.50000000000
970.499999999999	3118.50000000000
966.499999999999	3126.50000000000
966.499999999999	3130.50000000000
954.499999999999	3134.50000000000
958.499999999999	3138.50000000000
962.499999999999	3146.50000000000
962.499999999999	3142.50000000000
950.499999999999	3106.50000000000
962.499999999999	3162.50000000000
1026.50000000000	2958.50000000000
954.499999999999	3134.50000000000
954.499999999999	3134.50000000000
954.499999999999	3134.50000000000
954.499999999999	3134.50000000000
954.499999999999	3134.50000000000
954.499999999999	3134.50000000000
954.499999999999	3134.50000000000
954.499999999999	3130.50000000000
962.499999999999	3102.50000000000
946.499999999999	3110.50000000000
954.499999999999	3106.50000000000
962.499999999999	3110.50000000000