0.1027
0.0934
0.0921
0.0938
0.0945
0.0924
0.0910
0.0926
0.0935
0.0904
0.0876
0.0872
0.0862
0.0831
0.0822
0.0839
0.0836
0.0795
0.0758
0.0753
0.0742
0.0684
0.0623
0.0606
0.0762
0.2826
0.4992
0.4114
0.4847  
0.0    2.9808  ##
0.0    6.0238  ##
0.0    8.4140  ##
0.0    9.7254  ##
0.0    12.7429 ##
0.0    16.0979 ##
0.0    19.0309 ##
0.0    20.8752 ##
0.0    21.4531 ##
0.0    21.2661 ##
0.0    20.8522 ##
0.0    20.7221 ##
0.0    20.7346 ##
0.0    20.7355 ##
0.0    20.7297 ##
0.0    20.7355 ##
0.0    20.7182 ##
0.0    20.6828 ##
0.0    20.6517 ##
0.0    20.6377 ##
0.0    20.5964 ##
0.0    20.5704 ##
0.0    20.5886 ##
0.0    20.7701 ##
0.0    21.6917 ##
0.0    22.7010 ##
0.0    22.7018 ##
0.0    20.5523 ##
0.0    15.4347 ##
0.0    8.8433  ##
0.0    2.8437  ##
0.0    0.7585  ##
0   1.5686
0   1.1179
0.3090
0.0849
0.0814
0.0831
0.0868
0.0878
0.0879
0.0944
0.1050
0.1106
0.1100
0.1101
0.1135
0.1152
0.1146
0.1197
0.1290
0.1330
0.1310
0.1319
0.1367
0.1380
0.1364
0.1370
0.1469
0.1565
0
0