0.0066
0.0076
0.0086
0.0096
0.0107
0.0118
0.0129
0.0139
0.0147
0.0153
0.0158
0.0162
0.0165
0.0167
0.0168
0.0168
0.0166
0.0168
0.0169
0.0163
0.0144
0.0112
0.0070
0.0028
0.0248
0.2405
0.4562
0.0     0.3694  #start ball
0.0     0.3683   #
0.0    2.2750   #
0.0    4.6347   #
0.0    7.2278   #
0.0    9.6488   #
0.0    12.7519  #
0.0    16.1040  #
0.0    19.0324  #
0.0    20.8739  #
0.0    21.4512  #
0.0    21.2647  #
0.0    20.8515  #
0.0    20.7195  #
0.0    20.7318  #
0.0    20.7327  #
0.0    20.7269  #
0.0     20.7324 #       
0.0    20.7146  #
0.0    20.6791  #
0.0    20.6478  #
0.0    20.6316  #
0.0    20.5902  #
0.0    20.5642  #
0.0    20.5826  #
0.0    20.7648  #
0.0    21.6889  #
0.0    22.6997  #
0.0    22.7002  #
0.0    20.5490  #
0.0    15.4280  #
0.0    8.8351   #
0.0    2.8350   #
0.0    0.6317   #
0.0    1.5652   #
0.0    1.1123   #end ball
0.2878
0.0169
0.0210
0.0235
0.0252
0.0261
0.0260
0.0251
0.0241
0.0233
0.0225
0.0217
0.0210
0.0205
0.0200
0.0196
0.0193
0.0191
0.0193
0.0196
0.0190
0.0170
0.0137
0.0093
0.0040
0.0039
0
0