879	905
879	905
879	905
879	905
879	905
879	905
879	905
879	905
879	905
879	905
879	905
879	905
879	905
879	905
879	905
879	905
879	905
879	905
879	905
879	905
879	905
879	905
879	905
879	905
879	905
879	905
879	905
879	905
879	905
879	905
879	905
879	905
879	905
879	905
879	905
879	905
879	905
879	905
879	905
879	905
879	905
879	905
879	905
879	905
879	905
879	906
879	905
879	905
879	905
879	905
879	905
879	905
879	905
879	905
879	905
879	905
879	906
879	905
879	905
879	905
879	905
879	905
879	905
879	905
879	905
879	905
879	905
879	905
879	905
879	905
879	905
879	905
879	905
879	905
879	905
879	905
879	905
879	905
878	905
877	905
877	905
876	905
875	906
874	906
874	906
873	906
873	906
872	906
872	906
871	906
871	906
871	906
870	906
870	907
869	907
869	907
869	907
868	907
868	907
867	907
867	907
867	907
866	907
866	907
866	907
865	907
865	907
864	907
864	907
864	907
863	907
863	907
862	907
862	907
862	907
861	907
861	907
860	907
860	907
859	907
859	907
859	907
858	907
858	907
857	907
857	907
856	907
856	907
855	907
855	907
854	907
854	907
853	908
853	908
852	908
852	908
851	908
850	908
850	908
849	908
849	908
848	908
848	908
847	908
847	908
846	908
845	908
845	908
844	908
844	908
843	908
843	908
842	908
842	908
841	908
841	908
840	908
839	908
839	908
838	908
838	908
837	908
837	908
836	908
835	908
835	908
834	908
834	908
833	908
833	908
832	908
832	908
831	908
831	908
830	908
829	908
829	908
828	908
828	908
827	908
827	908
826	908
826	908
825	908
824	908
824	908
823	908
823	908
822	908
822	908
821	908
820	908
820	909
819	909
819	909
818	909
818	909
817	909
816	909
816	909
815	909
815	909
814	909
813	909
813	909
812	909
812	909
811	909
810	909
810	909
809	909
809	909
808	909
808	909
807	909
806	909
806	909
805	909
805	909
804	909
803	909
803	909
802	909
802	909
801	909
800	909
800	909
799	909
799	909
798	909
797	909
797	909
796	909
795	909
795	909
794	909
793	909
793	909
792	909
792	909
791	909
790	909
790	909
789	909
789	909
788	909
787	909
787	909
786	909
786	909
785	909
784	909
784	909
783	909
782	909
782	909
781	909
780	909
780	909
779	909
779	909
778	910
777	910
777	909
776	910
775	910
775	910
774	910
773	910
773	910
772	910
772	910
771	910
770	910
770	910
769	910
768	910
768	910
767	910
766	910
766	910
765	910
764	910
764	910
763	910
762	910
762	910
761	910
760	910
760	910
759	910
758	910
758	910
757	910
756	910
756	910
755	910
755	910
754	910
753	910
753	910
752	910
751	910
751	910
750	910
749	910
749	910
748	910
748	910
747	910
746	910
746	910
745	910
744	910
744	910
743	910
742	910
742	910
741	910
741	910
740	910
739	910
739	910
738	910
737	910
736	910
736	910
735	910
734	910
734	910
733	910
732	910
732	910
731	910
730	910
730	910
729	910
728	910
727	910
727	910
726	910
725	910
725	910
724	910
723	910
723	911
722	911
721	911
719	911
719	911
718	911
717	911
717	911
716	911
716	911
715	911
715	911
714	911
714	911
713	911
712	911
712	911
711	911
711	911
710	911
709	911
709	911
708	911
707	911
707	911
706	911
705	911
705	911
704	911
704	911
703	911
703	911
702	911
701	911
701	911
700	911
699	911
699	911
698	911
698	911
697	911
696	911
696	911
695	911
695	911
694	911
693	911
693	911
692	911
692	911
691	911
690	911
690	911
689	911
688	911
688	911
687	911
686	911
686	911
685	911
685	911
684	911
683	911
683	911
682	911
682	911
681	912
680	912
680	912
679	912
678	912
678	912
677	912
677	912
676	912
675	912
675	912
674	912
674	912
673	912
672	912
672	912
671	912
670	912
670	912
669	912
669	912
668	912
667	912
667	912
666	912
666	912
665	912
664	912
664	912
663	912
663	912
662	912
662	912
661	912
660	912
660	912
659	912
659	912
658	912
658	912
657	912
656	912
656	912
655	912
654	912
654	912
653	912
653	912
652	912
652	912
651	912
650	912
650	912
649	912
649	912
648	912
647	912
647	912
646	912
646	912
645	912
645	912
644	912
643	912
643	912
642	912
642	912
641	912
640	912
640	912
639	912
639	912
638	912
637	912
637	912
636	912
635	912
635	912
634	912
634	912
633	912
633	912
632	912
631	912
631	912
630	912
630	912
629	912
628	912
628	912
627	912
627	912
626	912
626	912
625	912
624	912
624	912
623	912
623	912
622	912
621	912
621	912
620	912
620	912
619	912
619	912
618	912
617	912
617	912
616	912
616	912
615	912
615	912
614	912
614	912
613	912
612	912
612	912
611	912
611	912
610	912
610	912
609	912
609	912
608	912
608	912
607	912
607	912
606	912
605	912
605	912
604	912
604	913
603	913
603	913
602	913
601	913
601	913
600	913
600	913
599	913
599	913
598	913
598	913
598	913
597	913
597	913
597	913
596	913
596	912
596	912
596	913
595	912
595	912
595	912
595	912
594	912
594	912
594	912
594	912
594	912
594	912
594	912
594	912
593	912
593	912
593	912
593	912
593	912
593	912
593	912
593	912
593	912
592	912
592	912
592	912
592	912
592	912
592	912
592	912
592	912
592	912
578	912
578	912
577	912
577	912
576	912
576	912
575	912
575	912
574	912
574	912
573	912
573	912
572	912
572	912
571	912
571	912
570	912
570	912
569	912
569	912
568	912
568	912
567	912
567	912
566	912
566	912
565	912
565	912
564	912
564	912
563	912
563	912
562	912
562	912
561	912
561	912
560	912
560	912
560	912
559	912
559	912
558	912
558	912
557	912
557	912
556	912
556	912
555	912
555	912
555	912
554	912
554	912
553	912
553	912
552	912
552	912
551	912
551	913
551	913
551	913
551	913
550	913
550	913
550	913
550	913
550	913
549	913
547	913
546	913
546	913
545	913
545	913
544	913
544	913
544	913
543	913
543	913
542	913
542	913
541	913
541	913
540	913
540	913
540	913
539	913
539	913
538	913
538	913
537	913
537	913
536	913
536	913
536	913
535	913
535	913
534	913
534	913
534	913
533	913
533	913
533	913
532	913
532	913
531	913
531	913
531	913
530	913
530	913
529	913
529	913
529	913
528	913
528	913
527	913
527	913
527	913
526	913
526	913
526	913
525	913
525	913
524	913
524	913
523	913
523	913
523	913
522	913
522	913
522	913
521	913
521	913
520	913
520	913
520	913
519	913
519	913
518	913
518	913
518	913
517	913
517	913
516	913
516	913
516	913
515	913
515	913
514	913
514	913
514	913
513	913
513	913
513	913
512	913
512	913
511	913
511	913
511	913
510	913
510	913
510	913
509	913
509	913
509	913
508	913
508	913
507	913
507	913
507	913
506	913
506	913
505	913
505	913
505	913
504	913
504	913
504	913
503	913
503	913
503	913
502	913
502	913
502	913
501	913
501	913
501	913
500	913
500	913
499	913
499	913
499	913
498	914
498	913
498	914
497	914
497	914
497	914
496	914
496	914
496	914
495	914
495	914
494	914
494	914
494	913
493	913
493	913
493	913
492	913
492	913
492	913
491	913
491	913
491	913
490	913
490	913
490	913
489	913
489	913
489	913
488	913
488	913
488	913
487	913
487	913
487	913
486	913
486	913
486	913
485	913
485	913
485	913
484	913
484	913
484	913
483	913
483	913
482	913
482	913
482	913
481	913
481	913
481	913
480	913
480	913
480	913
479	913
479	913
479	913
478	913
478	913
478	913
477	913
477	913
477	913
476	913
476	913
476	913
476	913
475	913
475	913
475	913
474	913
474	913
474	913
473	913
473	913
473	913
472	913
472	913
472	913
472	913
471	913
471	913
471	913
470	913
470	913
470	913
469	913
469	913
469	913
468	913
468	913
468	913
467	913
467	913
467	913
466	913
466	913
466	913
465	913
465	913
465	913
465	913
464	913
464	913
464	913
463	913
463	913
462	913
462	913
462	913
461	913
461	913
461	913
460	913
460	913
460	913
459	913
459	913
459	913
458	913
458	913
458	913
457	913
457	913
456	914
456	914
456	913
456	914
455	914
455	914
455	914
454	914
454	914
454	914
453	914
453	914
452	914
452	914
452	914
452	913
451	914
451	914
451	913
451	914
450	914
450	914
450	913
450	913
449	914
449	914
449	914
448	913
448	913
448	914
448	914
448	914
448	914
447	913
447	914
447	914
447	914
447	914
446	914
446	914
446	914
446	914
446	914
446	914
446	914
445	914
445	914
445	914
445	914
445	914
445	914
445	914
444	914
444	914
444	914
444	914
444	914
444	914
444	914
444	914
444	914
444	914
443	914
443	914
443	914
443	914
443	914
443	914
443	914
443	914
443	914
443	914
442	914
442	914
442	914
442	914
442	914
442	914
442	914
442	914
442	914
442	914
442	914
442	914
441	914
441	914
441	914
441	914
441	914
441	914
441	914
441	914
441	914
441	914
441	914
441	914
441	914
441	914
441	914
441	914
441	914
441	914
440	914
440	914
440	914
440	914
440	914
440	914
440	914
440	914
440	914
440	914
440	914
440	914
440	914
440	914
440	914
440	914
440	914
440	914
440	914
440	914
439	914
439	914
439	914
439	914
439	914
439	914
439	914
439	914
439	914
439	914
439	914
439	914
439	914
439	914
439	914
439	914
439	914
439	914
439	914
439	914